Sample	QualiMap_mqc-generalstats-qualimap-avg_gc	QualiMap_mqc-generalstats-qualimap-median_insert_size	QualiMap_mqc-generalstats-qualimap-1_x_pc	QualiMap_mqc-generalstats-qualimap-5_x_pc	QualiMap_mqc-generalstats-qualimap-10_x_pc	QualiMap_mqc-generalstats-qualimap-30_x_pc	QualiMap_mqc-generalstats-qualimap-50_x_pc	QualiMap_mqc-generalstats-qualimap-median_coverage	QualiMap_mqc-generalstats-qualimap-mean_coverage	QualiMap_mqc-generalstats-qualimap-percentage_aligned	QualiMap_mqc-generalstats-qualimap-mapped_reads	QualiMap_mqc-generalstats-qualimap-total_reads	QualiMap_mqc-generalstats-qualimap-general_error_rate
V350082740_L01_01-01	38.15740857902062	194	100.0	100.0	99.9765909774939	99.89298732568639	99.89298732568639	5593	7387.0707	100.0	2212449.0	2212449.0	0.53
V350082740_L01_02-02	39.13238828833317	194	100.0	100.0	100.0	99.89633147175869	99.89298732568639	5972	10725.8323	100.0	3210859.0	3210859.0	0.48
V350082740_L01_03-03	37.52803633688385	30	99.55522857238404	95.13426746480286	89.56960840049493	77.33003377587534	69.12684346052235	137	1031.8897	100.0	928790.0	928790.0	0.63
V350082740_L01_04-04	38.45754442625028	193	100.0	100.0	100.0	100.0	99.89298732568639	33857	39808.5664	100.0	11934088.0	11934088.0	0.52
V350082740_L01_05-05	38.347588595370965	193	100.0	100.0	100.0	99.89298732568639	99.89298732568639	17527	21237.9314	100.0	6365200.0	6365200.0	0.52
V350082740_L01_06-06	38.36419653139231	193	100.0	100.0	99.899675617831	99.89298732568639	99.89298732568639	14663	18355.6106	100.0	5499342.0	5499342.0	0.54
V350082740_L01_07-07	38.14235198493493	193	100.0	100.0	99.89298732568639	99.89298732568639	99.89298732568639	16564	20756.8816	100.0	6217803.0	6217803.0	0.54
V350082740_L01_08-08	37.999399685989594	193	100.0	100.0	99.89298732568639	99.89298732568639	99.89298732568639	5016	6506.5992	100.0	1948410.0	1948410.0	0.52
V350082740_L01_09-09	38.045418119164964	193	100.0	100.0	100.0	99.89298732568639	99.89298732568639	6348	8334.732	100.0	2495461.0	2495461.0	0.49
V350082740_L01_10-10	38.27934379298211	193	100.0	99.899675617831	99.64217637026385	99.57863759489014	99.42480687556433	13446	16711.5205	100.0	5003787.0	5003787.0	0.47000000000000003
V350082740_L01_100-100	40.05654174884943	29	99.15058689763569	87.67347757750059	71.49784302578337	31.364746012105808	14.520282245928502	17	44.4658	100.0	31905.0	31905.0	2.06
V350082740_L01_101-101	40.50113036925396	29	97.01702170350801	78.28645955255325	56.69330836370933	22.338895762966928	10.728020599939805	12	37.4698	100.0	28710.0	28710.0	1.78
V350082740_L01_102-102	40.48180815876517	29	94.09423803631742	64.53867504932616	44.092565963281274	16.667224024345384	7.183225763301341	8	23.2653	100.0	16000.0	16000.0	2.11
V350082740_L01_103-103	40.077605321507754	29	99.06029495368358	87.48620539745176	68.91950640403972	32.28104203591613	17.824298565361335	16	53.4824	100.0	40626.0	40626.0	1.78
V350082740_L01_104-104	39.93374613003097	29	98.00020064876433	83.16222452596729	62.76627763100692	26.7130388255359	12.82145604119988	14	47.229	100.0	36971.0	36971.0	1.63
V350082740_L01_11-11	38.278676108852686	193	100.0	100.0	100.0	99.89298732568639	99.89298732568639	20439	25812.1938	100.0	7729439.0	7729439.0	0.44999999999999996
V350082740_L01_12-12	38.356240003313324	193	100.0	100.0	99.93646122462629	99.37130053840752	99.37130053840752	13042	16938.4017	100.0	5072184.0	5072184.0	0.48
V350082740_L01_13-13	38.45131255498096	193	100.0	100.0	100.0	99.89298732568639	99.89298732568639	18515	24385.7996	100.0	7301531.0	7301531.0	0.47000000000000003
V350082740_L01_14-14	38.452072205977345	193	100.0	100.0	100.0	99.89298732568639	99.89298732568639	3280	4803.5374	100.0	1440854.0	1440854.0	0.5499999999999999
V350082740_L01_15-15	38.47535958227446	194	100.0	100.0	99.9598702471324	99.89633147175869	99.89298732568639	15254	20204.7266	100.0	6050186.0	6050186.0	0.49
V350082740_L01_16-16	38.350613746604054	193	100.0	99.899675617831	99.89298732568639	99.89298732568639	99.89298732568639	9817	12145.2661	100.0	3638201.0	3638201.0	0.51
V350082740_L01_17-17	38.39937783216614	193	100.0	100.0	100.0	99.90636390997558	99.89633147175869	17452	22046.4437	100.0	6777935.0	6777935.0	0.5499999999999999
V350082740_L01_18-18	38.549869612088436	193	100.0	100.0	99.93646122462629	99.89298732568639	99.89298732568639	4204	5535.9331	100.0	1666049.0	1666049.0	0.54
V350082740_L01_19-19	38.36648007578459	193	100.0	100.0	100.0	99.89298732568639	99.89298732568639	10682	13568.3442	100.0	4069611.0	4069611.0	0.52
V350082740_L01_20-20	38.43709062737807	193	100.0	100.0	100.0	99.9464936628432	99.89633147175869	17426	21884.0911	100.0	6727369.0	6727369.0	0.5499999999999999
V350082740_L01_21-21	38.22098960119651	193	100.0	100.0	99.9799351235662	99.89298732568639	99.89298732568639	14612	18900.1099	100.0	5659543.0	5659543.0	0.48
V350082740_L01_22-22	38.35764158635402	194	100.0	100.0	100.0	99.89633147175869	99.89298732568639	20466	27790.4607	100.0	8319177.0	8319177.0	0.49
V350082740_L01_23-23	38.40818004560311	193	100.0	100.0	100.0	99.94983780891549	99.89633147175869	20560	28116.6715	100.0	8425308.0	8425308.0	0.53
V350082740_L01_24-24	38.359128301342196	193	100.0	100.0	100.0	99.89298732568639	99.89298732568639	8796	11568.517	100.0	3464514.0	3464514.0	0.54
V350082740_L01_25-25	38.35293811621865	194	100.0	100.0	99.9966558539277	99.86957830318028	99.86623415710798	13519	18621.8113	100.0	5576246.0	5576246.0	0.52
V350082740_L01_26-26	38.42309254033979	193	100.0	100.0	100.0	100.0	99.89298732568639	19507	25867.4259	100.0	7746512.0	7746512.0	0.66
V350082740_L01_27-27	38.1119928908349	193	100.0	100.0	100.0	99.89298732568639	99.89298732568639	17837	22705.7321	100.0	6802508.0	6802508.0	0.51
V350082740_L01_28-28	38.614182419239604	193	100.0	99.9866234157108	99.9531819549878	99.84616928067418	99.84282513460188	14530	20324.2654	100.0	6082809.0	6082809.0	0.64
V350082740_L01_29-29	38.318184473505866	193	100.0	100.0	99.9866234157108	99.9531819549878	99.84616928067418	27123	34362.6436	100.0	10286753.0	10286753.0	0.61
V350082740_L01_30-30	38.49547548821159	194	100.0	99.9966558539277	99.9832792696385	99.86957830318028	99.86623415710798	18884	25997.555	100.0	7787254.0	7787254.0	0.54
V350082740_L01_31-31	38.18000256917138	193	99.95652610106009	99.9531819549878	99.85285757281878	99.84282513460188	99.69233856134836	6705	9372.7513	100.0	2805360.0	2805360.0	0.65
V350082740_L01_32-32	38.688627357132134	193	100.0	99.9531819549878	99.9531819549878	99.85285757281878	99.84616928067418	24767	33010.0652	100.0	9880863.0	9880863.0	0.69
V350082740_L01_33-33	38.379846086191726	193	100.0	99.9531819549878	99.9531819549878	99.84616928067418	99.84282513460188	11790	15207.4438	100.0	4553673.0	4553673.0	0.66
V350082740_L01_34-34	38.255073878459335	193	100.0	99.95652610106009	99.89298732568639	99.64552051633615	99.1706517740695	13899	17266.9777	100.0	5169714.0	5169714.0	0.64
V350082740_L01_35-35	37.84615825515099	193	99.95652610106009	99.9531819549878	99.90301976390329	99.84282513460188	99.83948098852957	8525	11082.0236	100.0	3317585.0	3317585.0	0.59
V350082740_L01_36-36	38.30345790130173	193	100.0	100.0	100.0	99.86957830318028	99.86957830318028	14836	18240.3396	100.0	5470810.0	5470810.0	0.62
V350082740_L01_37-37	38.22910337510447	193	100.0	100.0	100.0	99.94983780891549	99.89298732568639	16755	21664.038	100.0	6491251.0	6491251.0	0.5499999999999999
V350082740_L01_38-38	38.281516474819405	193	100.0	99.91305220212018	99.84951342674648	99.84282513460188	99.83948098852957	7348	9540.3415	100.0	2861558.0	2861558.0	0.6799999999999999
V350082740_L01_39-39	37.745583713430555	193	99.9866234157108	99.9531819549878	99.9531819549878	99.84282513460188	99.83948098852957	7591	9808.1344	100.0	2936247.0	2936247.0	0.64
V350082740_L01_40-40	38.31053979309638	193	99.88964317961408	99.86957830318028	99.86289001103569	99.67561783098685	99.67561783098685	2638	3255.4164	100.0	975502.0	975502.0	0.5700000000000001
V350082740_L01_41-41	37.853788909035956	193	100.0	99.90301976390329	99.84616928067418	99.83948098852957	99.83948098852957	6679	8847.4528	100.0	2648674.0	2648674.0	0.5700000000000001
V350082740_L01_42-42	37.83430783731355	193	99.9398053706986	99.90301976390329	99.84616928067418	99.84282513460188	99.83948098852957	9356	12200.814	100.0	3652271.0	3652271.0	0.5700000000000001
V350082740_L01_43-43	37.8760230783884	193	100.0	100.0	99.9866234157108	99.84282513460188	99.84282513460188	7929	10343.6198	100.0	3098413.0	3098413.0	0.5700000000000001
V350082740_L01_44-44	38.08973838578067	194	99.9765909774939	99.9230846403371	99.91974049426479	99.80269538173427	99.80269538173427	11348	14400.2604	100.0	4313651.0	4313651.0	0.5499999999999999
V350082740_L01_45-45	38.09889249648663	193	100.0	99.86957830318028	99.86957830318028	99.86289001103569	99.85954586496338	6956	8951.6866	100.0	2686365.0	2686365.0	0.54
V350082740_L01_46-46	38.10166801339028	193	100.0	99.9531819549878	99.92642878640939	99.83948098852957	99.83948098852957	5242	6949.7008	100.0	2080172.0	2080172.0	0.61
V350082740_L01_47-47	37.814535266317016	193	99.9531819549878	99.84616928067418	99.83948098852957	99.83613684245728	99.66558539276996	2587	3347.9131	100.0	1002094.0	1002094.0	0.58
V350082740_L01_48-48	37.991035496219006	193	99.9699026853493	99.9230846403371	99.81272781995118	99.63883222419155	99.63548807811925	5869	7476.1766	100.0	2238916.0	2238916.0	0.52
V350082740_L01_49-49	38.64342289630591	193	99.9765909774939	99.9699026853493	99.85954586496338	99.76256562886667	99.75587733672207	9028	11449.1451	100.0	3414446.0	3414446.0	1.11
V350082740_L01_50-50	38.896321053756935	193	100.0	100.0	100.0	100.0	99.899675617831	25392	34131.1282	100.0	10197057.0	10197057.0	1.28
V350082740_L01_51-51	38.61269884774372	193	100.0	100.0	99.9899675617831	99.86289001103569	99.85620171889109	14528	17874.6094	100.0	5332361.0	5332361.0	1.06
V350082740_L01_52-52	38.654826098678896	193	99.9765909774939	99.88295488746948	99.85620171889109	99.73915660636057	99.73246831421596	13772	17411.6064	100.0	5196650.0	5196650.0	0.95
V350082740_L01_53-53	38.509019521225724	180	100.0	100.0	100.0	99.9531819549878	99.94983780891549	8423	11458.1385	100.0	4416041.0	4416041.0	0.67
V350082740_L01_54-54	39.263731874227496	193	100.0	100.0	99.9899675617831	99.86289001103569	99.83948098852957	18188	26626.0198	100.0	7966234.0	7966234.0	0.69
V350082740_L01_55-55	38.62659124206416	193	100.0	99.9832792696385	99.97324683142159	99.86957830318028	99.86289001103569	26085	32992.0631	100.0	9842768.0	9842768.0	1.0699999999999998
V350082740_L01_56-56	38.59883491073364	190	100.0	100.0	100.0	99.9531819549878	99.89633147175869	18190	23647.7177	100.0	7791171.0	7791171.0	1.06
V350082740_L01_57-57	38.597653850878274	193	99.9933117078554	99.899675617831	99.87626659532488	99.73246831421596	99.72243587599907	17644	21855.2201	100.0	6517917.0	6517917.0	1.05
V350082740_L01_58-58	38.992353252150885	193	100.0	99.97324683142159	99.9699026853493	99.9699026853493	99.9230846403371	24969	33138.5366	100.0	9870929.0	9870929.0	1.27
V350082740_L01_59-59	39.22733987149818	193	100.0	100.0	100.0	100.0	99.9531819549878	34333	46718.3565	100.0	13918385.0	13918385.0	1.34
V350082740_L01_60-60	38.63817176821817	193	100.0	99.9899675617831	99.9866234157108	99.83948098852957	99.76590977493898	31309	39599.7272	100.0	11839911.0	11839911.0	0.9400000000000001
V350082740_L01_61-61	38.58627875843607	174	100.0	100.0	100.0	99.9398053706986	99.899675617831	3386	4822.7214	100.0	1993451.0	1993451.0	0.62
V350082740_L01_62-62	39.610696459584034	192	100.0	100.0	100.0	99.88629903354179	99.88295488746948	14736	24818.5651	100.0	7330286.0	7330286.0	2.23
V350082740_L01_63-63	38.87522612539433	193	99.9899675617831	99.97324683142159	99.9598702471324	99.76256562886667	99.75922148279437	10560	13461.0843	100.0	4017531.0	4017531.0	1.04
V350082740_L01_64-64	38.602311215687614	193	100.0	100.0	100.0	99.63548807811925	99.59201417917934	19406	23702.0702	100.0	7109184.0	7109184.0	0.76
V350082740_L01_65-65	38.695240011527865	193	100.0	100.0	100.0	100.0	99.68899441527606	30686	38068.4016	100.0	11407321.0	11407321.0	0.7100000000000001
V350082740_L01_66-66	38.982159222826425	193	100.0	100.0	99.9899675617831	99.87292244925258	99.86289001103569	19019	25372.7788	100.0	7540784.0	7540784.0	1.52
V350082740_L01_67-67	38.825925859308946	193	100.0	100.0	100.0	99.89633147175869	99.89298732568639	14383	18594.4384	100.0	5584866.0	5584866.0	0.7000000000000001
V350082740_L01_68-68	38.42277402913432	190	100.0	100.0	99.89633147175869	99.89298732568639	99.89298732568639	7291	8999.8426	100.0	2983039.0	2983039.0	0.75
V350082740_L01_69-69	38.75004919660797	193	99.9899675617831	99.9765909774939	99.9699026853493	99.84616928067418	99.83613684245728	16339	21914.3558	100.0	6562585.0	6562585.0	0.73
V350082740_L01_70-70	38.60710897801392	193	100.0	100.0	100.0	99.89298732568639	99.88964317961408	20753	26677.8186	100.0	8017496.0	8017496.0	0.7100000000000001
V350082740_L01_71-71	38.442852961026496	191	100.0	100.0	99.9966558539277	99.899675617831	99.89298732568639	6131	8234.9695	100.0	2484837.0	2484837.0	0.9400000000000001
V350082740_L01_72-72	38.80064354275742	193	99.9933117078554	99.9699026853493	99.85954586496338	99.73246831421596	99.71909172992676	14743	18469.3176	100.0	5507359.0	5507359.0	1.1400000000000001
V350082740_L01_73-73	38.64915848017049	192	100.0	99.89633147175869	99.89633147175869	99.89298732568639	99.89298732568639	12237	16065.6159	100.0	5144173.0	5144173.0	0.65
V350082740_L01_74-74	38.65143643613694	190	100.0	100.0	100.0	99.9966558539277	99.9598702471324	14747	18409.9584	100.0	6004615.0	6004615.0	0.69
V350082740_L01_75-75	38.84212640864078	193	100.0	100.0	100.0	99.89633147175869	99.88964317961408	14285	18658.4774	100.0	5590990.0	5590990.0	0.76
V350082740_L01_76-76	38.17195136590469	186	100.0	100.0	99.9531819549878	99.9464936628432	99.89298732568639	4604	5827.7106	100.0	2152930.0	2152930.0	0.6799999999999999
V350082740_L01_77-77	38.23548756759337	168	99.9464936628432	99.9464936628432	99.899675617831	99.899675617831	99.89298732568639	3801	5576.1966	100.0	2400669.0	2400669.0	0.6
V350082740_L01_78-78	39.314265705400985	193	99.9899675617831	99.9699026853493	99.966558539277	99.75253319064977	99.73915660636057	10253	14511.2212	100.0	4318268.0	4318268.0	1.4000000000000001
V350082740_L01_79-79	38.608172276875194	192	100.0	99.90301976390329	99.899675617831	99.89633147175869	99.88964317961408	14128	17354.3106	100.0	5184163.0	5184163.0	1.26
V350082740_L01_80-80	39.41263862732789	193	99.9799351235662	99.94314951677089	99.88629903354179	99.77594221315587	99.76256562886667	16345	23909.1869	100.0	7087345.0	7087345.0	1.7999999999999998
V350082740_L01_81-81	38.568733910058675	193	99.9832792696385	99.86957830318028	99.76925392101127	99.75587733672207	99.75587733672207	11850	14451.5041	100.0	4314408.0	4314408.0	0.9299999999999999
V350082740_L01_82-82	38.87851369944146	193	100.0	100.0	99.9832792696385	99.83613684245728	99.82944855031268	6104	7335.0591	100.0	2195459.0	2195459.0	0.74
V350082740_L01_83-83	38.60323485691604	193	100.0	100.0	100.0	99.89633147175869	99.88964317961408	13338	17188.5324	100.0	5161744.0	5161744.0	0.67
V350082740_L01_84-84	38.70073220127746	193	99.9832792696385	99.76925392101127	99.75587733672207	99.59535832525165	99.58867003310705	10404	12475.6189	100.0	3725581.0	3725581.0	0.96
V350082740_L01_85-85	38.584552967804626	193	100.0	99.9899675617831	99.9832792696385	99.85954586496338	99.85285757281878	22312	27215.7204	100.0	8126217.0	8126217.0	1.08
V350082740_L01_86-86	39.21660539549903	193	99.91639634819249	99.86957830318028	99.85954586496338	99.83613684245728	99.68899441527606	2063	3080.2117	100.0	916172.0	916172.0	1.37
V350082740_L01_87-87	38.93254863922103	193	100.0	100.0	100.0	99.899675617831	99.89633147175869	22295	28831.0444	100.0	8606410.0	8606410.0	1.32
V350082740_L01_88-88	39.06981257326029	171	100.0	100.0	100.0	99.899675617831	99.88964317961408	6166	11317.5451	100.0	4367147.0	4367147.0	2.18
V350082740_L01_89-89	38.8844817541723	193	99.9899675617831	99.9832792696385	99.90301976390329	99.77594221315587	99.76256562886667	19265	25559.1162	100.0	7600213.0	7600213.0	1.4500000000000002
V350082740_L01_90-90	39.191789534246965	193	100.0	100.0	100.0	99.89633147175869	99.89633147175869	14172	19298.8061	100.0	5828781.0	5828781.0	0.74
V350082740_L01_91-91	39.26555579761637	193	100.0	100.0	99.9966558539277	99.93311707855399	99.89298732568639	22417	29324.7866	100.0	8772665.0	8772665.0	0.6799999999999999
V350082740_L01_92-92	38.84303641469858	193	100.0	99.93646122462629	99.86957830318028	99.86289001103569	99.85620171889109	6003	8521.2359	100.0	2533913.0	2533913.0	1.4200000000000002
V350082740_L01_93-93	38.67400587604216	193	100.0	99.9899675617831	99.93646122462629	99.86623415710798	99.85954586496338	6883	9583.977	100.0	2862332.0	2862332.0	1.3
V350082740_L01_94-94	38.336528912694995	193	99.9699026853493	99.90970805604789	99.86289001103569	99.81272781995118	99.80269538173427	3266	4278.7664	100.0	1278516.0	1278516.0	0.88
V350082740_L01_95-95	38.69835377979067	194	100.0	99.97324683142159	99.94983780891549	99.69233856134836	99.51844296558873	14880	18783.3094	100.0	5620229.0	5620229.0	0.7100000000000001
V350082740_L01_96-96	38.71655098765226	193	100.0	99.9699026853493	99.9699026853493	99.83948098852957	99.82276025816807	21266	26419.8979	100.0	7869395.0	7869395.0	1.31
V350082740_L01_97-97	40.18040345821327	29	99.11045714476808	89.77025716483296	75.81847975119553	36.79563923352172	20.93769855867304	20	51.0141	100.0	35536.0	35536.0	2.0500000000000003
V350082740_L01_98-98	40.400000000000006	29	98.04367454770424	82.87797210982175	62.191084506571244	24.084540012707755	11.564057118014915	13	38.6563	100.0	28778.0	28778.0	1.9800000000000002
V350082740_L01_99-99	40.48977695167287	29	96.08400494933619	71.19018158713173	49.52011503862489	18.034979767916262	8.296826405377386	9	29.1234	100.0	21924.0	21924.0	1.96
V350082740_L02_01-01	38.165158239065946	194	100.0	99.9699026853493	99.89633147175869	99.89298732568639	99.89298732568639	5642	7440.5266	100.0	2228039.0	2228039.0	0.52
V350082740_L02_02-02	39.13671128991949	194	100.0	99.95652610106009	99.89633147175869	99.89633147175869	99.89633147175869	5998	10824.6329	100.0	3239868.0	3239868.0	0.48
V350082740_L02_03-03	37.521230516298324	30	99.68899441527606	95.28809818412869	90.53272246931746	78.20285590074575	69.92609437180217	138	1044.3078	100.0	941611.0	941611.0	0.64
V350082740_L02_04-04	38.4603378421223	193	99.9899675617831	99.89633147175869	99.89633147175869	99.89298732568639	99.89298732568639	34170	40046.7247	100.0	12004027.0	12004027.0	0.52
V350082740_L02_05-05	38.357534466901	193	99.9598702471324	99.899675617831	99.89633147175869	99.89298732568639	99.89298732568639	17601	21392.1964	100.0	6410775.0	6410775.0	0.52
V350082740_L02_06-06	38.36339699074073	193	100.0	99.89633147175869	99.89633147175869	99.89298732568639	99.89298732568639	14757	18466.9923	100.0	5531800.0	5531800.0	0.54
V350082740_L02_07-07	38.14479125207198	193	100.0	99.89298732568639	99.89298732568639	99.89298732568639	99.89298732568639	16648	20902.1928	100.0	6260600.0	6260600.0	0.54
V350082740_L02_08-08	38.01670634678388	193	100.0	99.89298732568639	99.89298732568639	99.89298732568639	99.89298732568639	5086	6562.8957	100.0	1965027.0	1965027.0	0.52
V350082740_L02_09-09	38.05064052277171	193	100.0	99.89633147175869	99.89298732568639	99.89298732568639	99.89298732568639	6433	8387.1909	100.0	2510817.0	2510817.0	0.49
V350082740_L02_10-10	38.28369176339641	193	99.9699026853493	99.899675617831	99.64552051633615	99.55857271845635	99.37130053840752	13546	16809.8403	100.0	5032635.0	5032635.0	0.45999999999999996
V350082740_L02_100-100	40.26138147566719	29	97.58887068187138	81.89144901849313	59.271644985452966	17.851051733939737	8.270073236798984	12	36.0114	100.0	28085.0	28085.0	1.8800000000000001
V350082740_L02_101-101	40.28317008014247	29	96.71604855700097	73.80864796174296	47.3631408219911	14.43333444804869	6.94579139216801	9	30.6945	100.0	24874.0	24874.0	1.69
V350082740_L02_102-102	40.51826792963465	29	92.95054007959068	57.62632511788115	32.64220981172458	7.771795472026218	3.7989499381332976	6	17.1405	100.0	12769.0	12769.0	2.08
V350082740_L02_103-103	40.2230215827338	29	98.5519847506939	82.5301809183025	62.04059793331773	22.392402100123732	10.169548205865633	13	44.0114	100.0	35600.0	35600.0	1.68
V350082740_L02_104-104	40.05524475524474	29	98.11055746915025	81.23934053439454	58.7499581981741	17.219008126274957	8.076112764605558	12	40.8718	100.0	33541.0	33541.0	1.6199999999999999
V350082740_L02_11-11	38.28781656928054	193	100.0	99.89633147175869	99.89633147175869	99.89298732568639	99.89298732568639	20619	25977.3013	100.0	7777474.0	7777474.0	0.44999999999999996
V350082740_L02_12-12	38.36974585322946	193	99.94983780891549	99.83279269638498	99.64552051633615	99.37130053840752	99.37130053840752	13203	17015.5863	100.0	5094651.0	5094651.0	0.47000000000000003
V350082740_L02_13-13	38.455926277524355	193	99.9598702471324	99.9398053706986	99.89633147175869	99.89298732568639	99.89298732568639	18577	24535.3985	100.0	7345291.0	7345291.0	0.47000000000000003
V350082740_L02_14-14	38.45663159923989	193	99.9598702471324	99.899675617831	99.89633147175869	99.89298732568639	99.89298732568639	3276	4845.7234	100.0	1453203.0	1453203.0	0.5499999999999999
V350082740_L02_15-15	38.48751675781937	194	100.0	99.90636390997558	99.899675617831	99.89633147175869	99.89298732568639	15342	20360.9256	100.0	6095944.0	6095944.0	0.49
V350082740_L02_16-16	38.35050244042491	193	100.0	99.89633147175869	99.89298732568639	99.89298732568639	99.89298732568639	9948	12215.2378	100.0	3658495.0	3658495.0	0.5
V350082740_L02_17-17	38.40437275488383	193	99.9933117078554	99.90636390997558	99.90636390997558	99.89633147175869	99.89298732568639	17490	22142.3103	100.0	6803701.0	6803701.0	0.54
V350082740_L02_18-18	38.56322594915142	193	99.95652610106009	99.89633147175869	99.89633147175869	99.89298732568639	99.89298732568639	4244	5577.6112	100.0	1678350.0	1678350.0	0.53
V350082740_L02_19-19	38.36674819613008	193	100.0	99.899675617831	99.89633147175869	99.89633147175869	99.89298732568639	10653	13665.179	100.0	4097924.0	4097924.0	0.51
V350082740_L02_20-20	38.4321763886365	193	99.9699026853493	99.9531819549878	99.9464936628432	99.89633147175869	99.89298732568639	17683	22039.8132	100.0	6775736.0	6775736.0	0.54
V350082740_L02_21-21	38.22694095511659	193	99.89633147175869	99.89633147175869	99.89633147175869	99.89298732568639	99.89298732568639	14674	18985.9013	100.0	5684274.0	5684274.0	0.47000000000000003
V350082740_L02_22-22	38.36527003788879	193	99.899675617831	99.899675617831	99.899675617831	99.89633147175869	99.89633147175869	20647	28104.2969	100.0	8412109.0	8412109.0	0.48
V350082740_L02_23-23	38.419541363391026	193	100.0	99.9598702471324	99.94983780891549	99.89633147175869	99.89633147175869	20767	28288.4584	100.0	8475412.0	8475412.0	0.53
V350082740_L02_24-24	38.36334583176744	193	99.9632143932047	99.89633147175869	99.89633147175869	99.89298732568639	99.89298732568639	8878	11640.935	100.0	3485668.0	3485668.0	0.54
V350082740_L02_25-25	38.362134360912144	194	99.899675617831	99.89298732568639	99.89298732568639	99.86623415710798	99.86623415710798	13682	18779.1119	100.0	5622438.0	5622438.0	0.51
V350082740_L02_26-26	38.43075083722755	193	99.899675617831	99.899675617831	99.89633147175869	99.89633147175869	99.88964317961408	19545	26021.7469	100.0	7791788.0	7791788.0	0.66
V350082740_L02_27-27	38.12415325468871	193	99.899675617831	99.89633147175869	99.89633147175869	99.89298732568639	99.89298732568639	18201	22854.7912	100.0	6846339.0	6846339.0	0.51
V350082740_L02_28-28	38.621104924689504	193	99.9866234157108	99.85285757281878	99.84951342674648	99.84616928067418	99.84616928067418	14728	20469.8608	100.0	6125630.0	6125630.0	0.64
V350082740_L02_29-29	38.33180604689188	193	99.94983780891549	99.899675617831	99.88295488746948	99.84951342674648	99.84282513460188	27180	34540.1412	100.0	10338056.0	10338056.0	0.6
V350082740_L02_30-30	38.5040533816456	194	100.0	99.87961074139719	99.87292244925258	99.86623415710798	99.86623415710798	19006	26189.4408	100.0	7843535.0	7843535.0	0.53
V350082740_L02_31-31	38.18792379493291	193	99.9531819549878	99.90636390997558	99.84951342674648	99.84282513460188	99.69233856134836	6802	9430.6439	100.0	2822354.0	2822354.0	0.64
V350082740_L02_32-32	38.687258749486276	193	100.0	99.93646122462629	99.85285757281878	99.84616928067418	99.84616928067418	24921	33231.719	100.0	9945697.0	9945697.0	0.6799999999999999
V350082740_L02_33-33	38.38713745271122	193	99.899675617831	99.88295488746948	99.84951342674648	99.84282513460188	99.84282513460188	11820	15354.0616	100.0	4597025.0	4597025.0	0.66
V350082740_L02_34-34	38.25944104400046	193	99.9531819549878	99.84951342674648	99.84282513460188	99.59201417917934	99.1706517740695	13998	17376.0373	100.0	5201570.0	5201570.0	0.63
V350082740_L02_35-35	37.84471872788977	193	99.94983780891549	99.84616928067418	99.84616928067418	99.84282513460188	99.83948098852957	8548	11151.7751	100.0	3338102.0	3338102.0	0.59
V350082740_L02_36-36	38.307257335236386	193	100.0	99.91305220212018	99.89633147175869	99.87292244925258	99.86957830318028	14951	18399.1751	100.0	5517488.0	5517488.0	0.61
V350082740_L02_37-37	38.233728405753034	193	99.9531819549878	99.94314951677089	99.89633147175869	99.89633147175869	99.89298732568639	16798	21759.6997	100.0	6518791.0	6518791.0	0.5499999999999999
V350082740_L02_38-38	38.28782585981716	193	99.899675617831	99.84951342674648	99.84951342674648	99.84282513460188	99.83948098852957	7383	9593.6351	100.0	2877196.0	2877196.0	0.6799999999999999
V350082740_L02_39-39	37.753944467585754	193	99.9799351235662	99.84616928067418	99.84616928067418	99.84282513460188	99.83948098852957	7592	9873.6711	100.0	2955437.0	2955437.0	0.64
V350082740_L02_40-40	38.29082839936222	193	99.89298732568639	99.86957830318028	99.86623415710798	99.67561783098685	99.67561783098685	2632	3283.4985	100.0	983837.0	983837.0	0.5599999999999999
V350082740_L02_41-41	37.863878501508566	193	99.9531819549878	99.90301976390329	99.84616928067418	99.84282513460188	99.83948098852957	6717	8885.4749	100.0	2659647.0	2659647.0	0.5599999999999999
V350082740_L02_42-42	37.84883251720417	193	99.9799351235662	99.90301976390329	99.899675617831	99.84282513460188	99.84282513460188	9369	12261.7676	100.0	3669995.0	3669995.0	0.5700000000000001
V350082740_L02_43-43	37.88600440593708	193	99.94983780891549	99.89298732568639	99.89298732568639	99.86623415710798	99.84282513460188	8056	10400.032	100.0	3114933.0	3114933.0	0.5700000000000001
V350082740_L02_44-44	38.0956199961799	194	99.95652610106009	99.82610440424038	99.81272781995118	99.80603952780658	99.66224124669766	11281	14515.8104	100.0	4347457.0	4347457.0	0.5499999999999999
V350082740_L02_45-45	38.10829552771221	193	99.9899675617831	99.86957830318028	99.86957830318028	99.86623415710798	99.85954586496338	6986	9018.6929	100.0	2706174.0	2706174.0	0.53
V350082740_L02_46-46	38.10061207593761	193	99.94314951677089	99.84951342674648	99.84282513460188	99.83948098852957	99.83613684245728	5304	6984.9482	100.0	2090318.0	2090318.0	0.6
V350082740_L02_47-47	37.826378267433704	193	99.90970805604789	99.84616928067418	99.84282513460188	99.83613684245728	99.66558539276996	2623	3383.5434	100.0	1012691.0	1012691.0	0.58
V350082740_L02_48-48	37.997949728405594	193	99.9799351235662	99.81272781995118	99.64886466240846	99.63883222419155	99.63548807811925	5936	7525.5379	100.0	2253250.0	2253250.0	0.52
V350082740_L02_49-49	38.6499631733241	193	99.9765909774939	99.90636390997558	99.85620171889109	99.76256562886667	99.75253319064977	9112	11529.2397	100.0	3438109.0	3438109.0	1.11
V350082740_L02_50-50	38.89864758702498	193	100.0	99.966558539277	99.91305220212018	99.899675617831	99.89633147175869	25586	34248.1904	100.0	10229921.0	10229921.0	1.27
V350082740_L02_51-51	38.61835654196109	193	100.0	99.89298732568639	99.87292244925258	99.85620171889109	99.84616928067418	14483	17994.8194	100.0	5367472.0	5367472.0	1.06
V350082740_L02_52-52	38.66327417983048	193	99.9866234157108	99.79266294351737	99.76590977493898	99.73915660636057	99.73581246028826	14084	17545.4414	100.0	5235956.0	5235956.0	0.9400000000000001
V350082740_L02_53-53	38.51068836348221	180	100.0	100.0	99.9699026853493	99.9531819549878	99.94983780891549	8581	11549.2711	100.0	4453286.0	4453286.0	0.66
V350082740_L02_54-54	39.26676581464232	193	100.0	99.94314951677089	99.899675617831	99.85285757281878	99.83948098852957	18352	26830.5957	100.0	8026308.0	8026308.0	0.6799999999999999
V350082740_L02_55-55	38.62742968439511	193	99.9966558539277	99.899675617831	99.87626659532488	99.86623415710798	99.86289001103569	26307	33193.8772	100.0	9901852.0	9901852.0	1.06
V350082740_L02_56-56	38.596475410414335	190	100.0	99.966558539277	99.899675617831	99.89633147175869	99.89633147175869	18178	23749.4667	100.0	7880834.0	7880834.0	1.05
V350082740_L02_57-57	38.60436096271343	193	99.9899675617831	99.86957830318028	99.77928635922817	99.72912416814367	99.71909172992676	17941	22036.0311	100.0	6571469.0	6571469.0	1.04
V350082740_L02_58-58	39.00398185717774	193	99.9598702471324	99.91305220212018	99.87626659532488	99.86957830318028	99.86289001103569	25056	33332.885	100.0	9927728.0	9927728.0	1.26
V350082740_L02_59-59	39.23141309488292	193	100.0	99.9531819549878	99.94314951677089	99.90301976390329	99.899675617831	34574	47029.6736	100.0	14008622.0	14008622.0	1.3299999999999998
V350082740_L02_60-60	38.634592714271925	193	99.9899675617831	99.88629903354179	99.87961074139719	99.77928635922817	99.76590977493898	31453	39881.9099	100.0	11922195.0	11922195.0	0.9299999999999999
V350082740_L02_61-61	38.571244757910776	172	100.0	99.9632143932047	99.94983780891549	99.9398053706986	99.899675617831	3350	4887.0196	100.0	2035224.0	2035224.0	0.62
V350082740_L02_62-62	39.62064688963986	192	99.94983780891549	99.90301976390329	99.899675617831	99.88629903354179	99.86957830318028	14854	24956.3191	100.0	7370468.0	7370468.0	2.21
V350082740_L02_63-63	38.88486341156104	193	99.9398053706986	99.87292244925258	99.85620171889109	99.76256562886667	99.75587733672207	10749	13523.7825	100.0	4035851.0	4035851.0	1.03
V350082740_L02_64-64	38.60265547901122	193	100.0	99.899675617831	99.89298732568639	99.64217637026385	99.59201417917934	19696	23847.1158	100.0	7151650.0	7151650.0	0.75
V350082740_L02_65-65	38.69537016991292	193	99.9699026853493	99.9398053706986	99.899675617831	99.89633147175869	99.83279269638498	31255	38319.3238	100.0	11480842.0	11480842.0	0.7100000000000001
V350082740_L02_66-66	38.987486439904025	193	99.9966558539277	99.899675617831	99.899675617831	99.86957830318028	99.86289001103569	19062	25536.421	100.0	7589220.0	7589220.0	1.51
V350082740_L02_67-67	38.82899622268962	193	99.94983780891549	99.93646122462629	99.89633147175869	99.89633147175869	99.89298732568639	14382	18701.9462	100.0	5616057.0	5616057.0	0.69
V350082740_L02_68-68	38.41157032691558	190	99.89633147175869	99.89633147175869	99.89633147175869	99.89298732568639	99.89298732568639	7293	9083.5842	100.0	3020526.0	3020526.0	0.74
V350082740_L02_69-69	38.75962146255303	193	100.0	99.9799351235662	99.87292244925258	99.86289001103569	99.83279269638498	16669	22108.544	100.0	6619095.0	6619095.0	0.73
V350082740_L02_70-70	38.61257768622247	193	99.9966558539277	99.899675617831	99.89633147175869	99.89298732568639	99.88964317961408	20845	26810.7457	100.0	8056008.0	8056008.0	0.7100000000000001
V350082740_L02_71-71	38.44505852149832	191	100.0	99.90636390997558	99.90636390997558	99.90636390997558	99.89633147175869	6113	8281.7932	100.0	2502306.0	2502306.0	0.9400000000000001
V350082740_L02_72-72	38.804663074869644	193	99.9765909774939	99.77928635922817	99.74250075243286	99.73246831421596	99.70905929170986	14720	18590.668	100.0	5542830.0	5542830.0	1.13
V350082740_L02_73-73	38.649482258447506	192	99.899675617831	99.89633147175869	99.89633147175869	99.89298732568639	99.89298732568639	12339	16177.1083	100.0	5191547.0	5191547.0	0.65
V350082740_L02_74-74	38.65740969627201	190	100.0	100.0	100.0	99.9531819549878	99.89633147175869	14802	18502.7603	100.0	6028357.0	6028357.0	0.69
V350082740_L02_75-75	38.84625406003497	193	100.0	99.95652610106009	99.90636390997558	99.89633147175869	99.89298732568639	14285	18753.7558	100.0	5619006.0	5619006.0	0.75
V350082740_L02_76-76	38.167161583045825	187	100.0	99.9598702471324	99.9531819549878	99.94314951677089	99.89298732568639	4624	5822.8354	100.0	2131199.0	2131199.0	0.6799999999999999
V350082740_L02_77-77	38.24367884250475	168	99.94983780891549	99.9464936628432	99.93646122462629	99.899675617831	99.899675617831	3867	5613.1563	100.0	2410049.0	2410049.0	0.6
V350082740_L02_78-78	39.31580487040808	193	99.9765909774939	99.9297729324817	99.87626659532488	99.75253319064977	99.73915660636057	10394	14610.0572	100.0	4346868.0	4346868.0	1.4000000000000001
V350082740_L02_79-79	38.617882689831816	192	100.0	99.899675617831	99.89633147175869	99.89633147175869	99.89298732568639	14259	17450.2932	100.0	5212398.0	5212398.0	1.25
V350082740_L02_80-80	39.420468411729985	193	99.9799351235662	99.83613684245728	99.79266294351737	99.77259806708356	99.76256562886667	16454	24046.295	100.0	7127472.0	7127472.0	1.79
V350082740_L02_81-81	38.579430271346446	193	99.9832792696385	99.86289001103569	99.76925392101127	99.75922148279437	99.75587733672207	12066	14580.1875	100.0	4352347.0	4352347.0	0.9299999999999999
V350082740_L02_82-82	38.89629301939259	193	99.899675617831	99.89633147175869	99.88295488746948	99.83948098852957	99.83279269638498	6130	7403.7759	100.0	2215716.0	2215716.0	0.74
V350082740_L02_83-83	38.60443261280175	193	99.94983780891549	99.899675617831	99.89633147175869	99.89298732568639	99.88964317961408	13445	17300.9195	100.0	5194383.0	5194383.0	0.67
V350082740_L02_84-84	38.69736049110119	193	99.89298732568639	99.66558539276996	99.64886466240846	99.59201417917934	99.58867003310705	10517	12566.9646	100.0	3752333.0	3752333.0	0.96
V350082740_L02_85-85	38.595841611583865	193	100.0	99.87292244925258	99.86957830318028	99.86623415710798	99.85285757281878	22461	27374.5834	100.0	8172502.0	8172502.0	1.08
V350082740_L02_86-86	39.23496048248385	193	99.9765909774939	99.86623415710798	99.86289001103569	99.83948098852957	99.69233856134836	2079	3086.8939	100.0	918093.0	918093.0	1.3599999999999999
V350082740_L02_87-87	38.93508534787206	193	99.9966558539277	99.94983780891549	99.9398053706986	99.89633147175869	99.89633147175869	22426	29020.4301	100.0	8661549.0	8661549.0	1.31
V350082740_L02_88-88	39.07038461996593	172	99.91974049426479	99.899675617831	99.899675617831	99.899675617831	99.89633147175869	6256	11364.2	100.0	4378683.0	4378683.0	2.17
V350082740_L02_89-89	38.89236696017123	193	99.9866234157108	99.89633147175869	99.87626659532488	99.76925392101127	99.76256562886667	19393	25719.5317	100.0	7646829.0	7646829.0	1.4500000000000002
V350082740_L02_90-90	39.19619055497533	193	99.9632143932047	99.9531819549878	99.899675617831	99.89633147175869	99.89633147175869	14241	19407.1337	100.0	5859902.0	5859902.0	0.73
V350082740_L02_91-91	39.26870142313049	193	99.94983780891549	99.89633147175869	99.89633147175869	99.89298732568639	99.89298732568639	22782	29570.9486	100.0	8845080.0	8845080.0	0.6799999999999999
V350082740_L02_92-92	38.84893012050078	193	99.9933117078554	99.88295488746948	99.86957830318028	99.86289001103569	99.86289001103569	6077	8605.7381	100.0	2558987.0	2558987.0	1.4200000000000002
V350082740_L02_93-93	38.67933460313929	193	100.0	99.899675617831	99.89633147175869	99.86623415710798	99.85954586496338	6989	9668.3741	100.0	2886924.0	2886924.0	1.29
V350082740_L02_94-94	38.35585596120712	193	99.86957830318028	99.86623415710798	99.86289001103569	99.80603952780658	99.80269538173427	3303	4292.7425	100.0	1282415.0	1282415.0	0.89
V350082740_L02_95-95	38.713683200011296	194	99.92642878640939	99.86623415710798	99.83613684245728	99.74250075243286	99.51175467344413	15083	18950.7052	100.0	5669254.0	5669254.0	0.7000000000000001
V350082740_L02_96-96	38.713459041417785	193	99.88964317961408	99.87292244925258	99.86957830318028	99.83948098852957	99.75587733672207	21359	26546.9375	100.0	7906388.0	7906388.0	1.3
V350082740_L02_97-97	40.11817553559088	29	98.99341203223757	87.27886834096914	69.21713540447446	25.50245794736314	11.189512757917266	15	41.3914	100.0	30762.0	30762.0	1.97
V350082740_L02_98-98	40.47489361702128	29	97.92997358124603	77.46714376483965	53.616693977192924	13.931712537203625	6.113099020165201	11	32.017	100.0	25482.0	25482.0	1.8800000000000001
V350082740_L02_99-99	40.43329532497149	29	93.56920710296626	60.90024412266328	36.08333612012173	8.273417382871283	3.899274320302311	6	21.9888	100.0	18169.0	18169.0	1.7999999999999998
V350082740_L03_01-01	38.17448293586917	194	100.0	100.0	100.0	99.90636390997558	99.89633147175869	5588	7404.347	100.0	2217275.0	2217275.0	0.5499999999999999
V350082740_L03_02-02	39.138072266101226	194	100.0	100.0	100.0	100.0	100.0	5987	10820.0059	100.0	3238627.0	3238627.0	0.51
V350082740_L03_03-03	37.405539318023656	30	99.65220880848075	94.46878239641508	89.58967327692874	77.69454569775608	70.27722970939371	145	1187.1007	100.0	1081352.0	1081352.0	0.66
V350082740_L03_04-04	38.46343258463655	193	100.0	100.0	100.0	100.0	100.0	34040	39904.1125	100.0	11964469.0	11964469.0	0.5499999999999999
V350082740_L03_05-05	38.35448182080236	193	100.0	100.0	100.0	100.0	100.0	17504	21322.681	100.0	6390561.0	6390561.0	0.5499999999999999
V350082740_L03_06-06	38.36943555071593	193	100.0	100.0	100.0	100.0	100.0	14943	18493.3484	100.0	5540250.0	5540250.0	0.5700000000000001
V350082740_L03_07-07	38.14920554066274	193	100.0	100.0	100.0	100.0	100.0	16504	20726.128	100.0	6207949.0	6207949.0	0.5700000000000001
V350082740_L03_08-08	38.00950181862766	193	100.0	100.0	100.0	99.89298732568639	99.89298732568639	5021	6535.4179	100.0	1956866.0	1956866.0	0.5499999999999999
V350082740_L03_09-09	38.04542514970059	193	100.0	100.0	100.0	100.0	99.89298732568639	6340	8366.2228	100.0	2504628.0	2504628.0	0.52
V350082740_L03_10-10	38.28254626611365	193	100.0	100.0	99.74918904457746	99.64552051633615	99.37464468447982	13454	16706.1975	100.0	5002031.0	5002031.0	0.5
V350082740_L03_100-100	40.046636085626915	29	97.729324816908	84.13537103300672	61.709527472159984	23.97083904624954	11.360064207604589	13	36.8063	100.0	26448.0	26448.0	1.8800000000000001
V350082740_L03_101-101	40.24452234881684	29	95.43524061130991	71.87573153195332	48.72755241948968	19.282346252884327	9.156271945958599	9	31.3058	100.0	23621.0	23621.0	1.6099999999999999
V350082740_L03_102-102	39.96323529411766	29	92.3786911012273	61.40186603350834	39.76524094572451	14.336354211951978	5.658295154332341	7	20.1986	100.0	13738.0	13738.0	1.8499999999999999
V350082740_L03_103-103	39.82220708446866	29	97.99351235661973	82.66729090726683	62.150954753703644	26.04420961107581	12.510450456475938	13	41.9698	100.0	31445.0	31445.0	1.69
V350082740_L03_104-104	39.87783467446964	29	98.41821890780189	80.21937598234291	57.883824365448284	22.656589639835467	10.039126509045914	12	38.8435	100.0	29618.0	29618.0	1.6500000000000001
V350082740_L03_11-11	38.28531302955036	193	100.0	100.0	100.0	100.0	100.0	20368	25914.1991	100.0	7758823.0	7758823.0	0.48
V350082740_L03_12-12	38.367584827192005	193	100.0	100.0	99.74918904457746	99.47831321272113	99.37464468447982	13039	16950.1848	100.0	5075138.0	5075138.0	0.5
V350082740_L03_13-13	38.456106121366346	193	100.0	100.0	100.0	100.0	100.0	18535	24440.2622	100.0	7316998.0	7316998.0	0.5
V350082740_L03_14-14	38.467809555435636	193	100.0	100.0	100.0	99.89633147175869	99.89633147175869	3279	4822.5299	100.0	1446639.0	1446639.0	0.58
V350082740_L03_15-15	38.49163898883659	194	100.0	100.0	100.0	100.0	99.899675617831	15374	20278.7684	100.0	6071706.0	6071706.0	0.52
V350082740_L03_16-16	38.35332992181792	193	100.0	100.0	100.0	100.0	100.0	9881	12205.4447	100.0	3655618.0	3655618.0	0.54
V350082740_L03_17-17	38.39403990051364	193	100.0	100.0	100.0	100.0	100.0	17599	22057.0598	100.0	6796547.0	6796547.0	0.5700000000000001
V350082740_L03_18-18	38.56461974124564	193	100.0	100.0	100.0	99.9632143932047	99.89633147175869	4200	5569.6477	100.0	1676816.0	1676816.0	0.5700000000000001
V350082740_L03_19-19	38.369932477906644	193	100.0	100.0	100.0	100.0	99.89633147175869	10656	13642.4413	100.0	4091473.0	4091473.0	0.54
V350082740_L03_20-20	38.42768453041106	192	100.0	100.0	100.0	100.0	100.0	17597	21997.7369	100.0	6785369.0	6785369.0	0.5700000000000001
V350082740_L03_21-21	38.22815640287517	193	100.0	100.0	100.0	100.0	100.0	14671	18920.9813	100.0	5665044.0	5665044.0	0.5
V350082740_L03_22-22	38.371616432131006	193	100.0	100.0	100.0	100.0	100.0	20916	28240.3265	100.0	8453807.0	8453807.0	0.52
V350082740_L03_23-23	38.41133397533986	193	100.0	100.0	100.0	100.0	100.0	20744	28273.5235	100.0	8471769.0	8471769.0	0.5599999999999999
V350082740_L03_24-24	38.36092353169081	193	100.0	100.0	100.0	100.0	99.94983780891549	8822	11636.0503	100.0	3484399.0	3484399.0	0.5700000000000001
V350082740_L03_25-25	38.36193230847902	194	100.0	100.0	100.0	99.9799351235662	99.97324683142159	13719	18815.2422	100.0	5633921.0	5633921.0	0.5499999999999999
V350082740_L03_26-26	38.433948511505776	193	100.0	100.0	100.0	100.0	99.9966558539277	19607	25976.381	100.0	7778571.0	7778571.0	0.69
V350082740_L03_27-27	38.127232218011166	193	100.0	100.0	100.0	100.0	100.0	18067	22821.0819	100.0	6836863.0	6836863.0	0.54
V350082740_L03_28-28	38.62039763997496	193	100.0	99.9531819549878	99.9531819549878	99.94983780891549	99.94983780891549	14602	20427.6565	100.0	6113583.0	6113583.0	0.67
V350082740_L03_29-29	38.33381930168785	193	100.0	100.0	99.9866234157108	99.9531819549878	99.9531819549878	27000	34308.0797	100.0	10269124.0	10269124.0	0.64
V350082740_L03_30-30	38.50457906293411	194	100.0	100.0	99.9866234157108	99.97324683142159	99.97324683142159	18996	26097.3849	100.0	7816139.0	7816139.0	0.5599999999999999
V350082740_L03_31-31	38.188816153813384	193	99.95652610106009	99.9531819549878	99.9531819549878	99.94983780891549	99.75587733672207	6779	9421.2619	100.0	2819660.0	2819660.0	0.67
V350082740_L03_32-32	38.67998134107961	193	100.0	99.9866234157108	99.9531819549878	99.9531819549878	99.94983780891549	24957	33152.8639	100.0	9922490.0	9922490.0	0.7100000000000001
V350082740_L03_33-33	38.37938815739319	193	100.0	99.9531819549878	99.9531819549878	99.94983780891549	99.94983780891549	11854	15351.6414	100.0	4596680.0	4596680.0	0.69
V350082740_L03_34-34	38.26542897338581	193	100.0	99.9866234157108	99.78931879744508	99.69902685349297	99.17399592014179	14072	17306.266	100.0	5180730.0	5180730.0	0.66
V350082740_L03_35-35	37.85304089054115	193	99.9531819549878	99.9531819549878	99.9531819549878	99.84616928067418	99.83948098852957	8445	11133.8521	100.0	3332745.0	3332745.0	0.62
V350082740_L03_36-36	38.30548016863179	193	100.0	100.0	99.9966558539277	99.9866234157108	99.9765909774939	14899	18330.409	100.0	5497494.0	5497494.0	0.64
V350082740_L03_37-37	38.23873544432779	193	100.0	100.0	100.0	100.0	100.0	16624	21607.7204	100.0	6473452.0	6473452.0	0.58
V350082740_L03_38-38	38.28137484983096	193	100.0	99.9531819549878	99.9531819549878	99.94983780891549	99.84282513460188	7329	9567.6941	100.0	2869511.0	2869511.0	0.7100000000000001
V350082740_L03_39-39	37.76038946669618	193	99.95652610106009	99.9531819549878	99.9531819549878	99.94983780891549	99.84282513460188	7642	9821.6091	100.0	2939960.0	2939960.0	0.67
V350082740_L03_40-40	38.28202473046233	193	100.0	99.9765909774939	99.9699026853493	99.67896197705916	99.67561783098685	2627	3284.6918	100.0	984227.0	984227.0	0.59
V350082740_L03_41-41	37.87257368323492	193	99.9531819549878	99.9531819549878	99.9531819549878	99.93311707855399	99.83948098852957	6668	8835.3539	100.0	2644750.0	2644750.0	0.59
V350082740_L03_42-42	37.85195455546405	193	100.0	99.9866234157108	99.9531819549878	99.94983780891549	99.84616928067418	9415	12296.8084	100.0	3680793.0	3680793.0	0.6
V350082740_L03_43-43	37.889797633671684	193	100.0	100.0	99.9933117078554	99.84282513460188	99.83948098852957	7917	10330.9846	100.0	3094348.0	3094348.0	0.6
V350082740_L03_44-44	38.09413516037465	194	99.9832792696385	99.9398053706986	99.9230846403371	99.91305220212018	99.64217637026385	11278	14450.8631	100.0	4328149.0	4328149.0	0.58
V350082740_L03_45-45	38.09995971622316	193	100.0	99.9866234157108	99.9765909774939	99.97324683142159	99.85954586496338	6891	8947.1708	100.0	2684814.0	2684814.0	0.5599999999999999
V350082740_L03_46-46	38.107496023456825	193	100.0	99.9531819549878	99.9531819549878	99.84282513460188	99.83948098852957	5288	6977.3102	100.0	2088175.0	2088175.0	0.63
V350082740_L03_47-47	37.82994358597008	193	99.9531819549878	99.9531819549878	99.94983780891549	99.83613684245728	99.66892953884226	2623	3402.8086	100.0	1018444.0	1018444.0	0.61
V350082740_L03_48-48	37.997256564968325	193	99.9632143932047	99.91974049426479	99.91974049426479	99.64217637026385	99.63548807811925	5911	7449.8187	100.0	2230558.0	2230558.0	0.54
V350082740_L03_49-49	38.65632355214382	193	99.9799351235662	99.9699026853493	99.9699026853493	99.86289001103569	99.86289001103569	9131	11506.7574	100.0	3431860.0	3431860.0	1.13
V350082740_L03_50-50	38.89480127685518	193	100.0	100.0	100.0	100.0	100.0	25654	34145.563	100.0	10205406.0	10205406.0	1.3
V350082740_L03_51-51	38.61963103051323	193	100.0	100.0	99.9899675617831	99.9699026853493	99.9598702471324	14454	17957.5469	100.0	5356196.0	5356196.0	1.09
V350082740_L03_52-52	38.658291352044984	193	99.9899675617831	99.88295488746948	99.86623415710798	99.84282513460188	99.83613684245728	14093	17612.9643	100.0	5256338.0	5256338.0	0.98
V350082740_L03_53-53	38.46901014151415	178	100.0	100.0	100.0	100.0	100.0	8555	11693.1389	100.0	4631866.0	4631866.0	0.69
V350082740_L03_54-54	39.276638784032905	193	100.0	100.0	99.9899675617831	99.9464936628432	99.94314951677089	18263	26670.0951	100.0	7978446.0	7978446.0	0.7100000000000001
V350082740_L03_55-55	38.629991734033126	193	99.9933117078554	99.9866234157108	99.9765909774939	99.9699026853493	99.9699026853493	26053	33013.8782	100.0	9848769.0	9848769.0	1.09
V350082740_L03_56-56	38.55342194724244	188	100.0	100.0	100.0	100.0	100.0	18243	23977.1321	100.0	8163730.0	8163730.0	1.0699999999999998
V350082740_L03_57-57	38.60941061494056	193	99.9832792696385	99.91974049426479	99.87961074139719	99.83948098852957	99.83279269638498	17919	22112.5349	100.0	6594692.0	6594692.0	1.0699999999999998
V350082740_L03_58-58	39.00734441634344	193	100.0	99.9899675617831	99.9765909774939	99.9699026853493	99.966558539277	24966	33091.5165	100.0	9856855.0	9856855.0	1.28
V350082740_L03_59-59	39.233990363808644	193	100.0	100.0	100.0	100.0	100.0	34437	46803.7942	100.0	13942941.0	13942941.0	1.3599999999999999
V350082740_L03_60-60	38.638598329448435	193	100.0	99.9899675617831	99.90636390997558	99.87626659532488	99.86957830318028	31361	39720.9552	100.0	11875152.0	11875152.0	0.96
V350082740_L03_61-61	38.506866088238766	166	100.0	100.0	100.0	99.899675617831	99.899675617831	3381	5053.9356	100.0	2197440.0	2197440.0	0.65
V350082740_L03_62-62	39.61732258298038	192	100.0	100.0	100.0	100.0	99.9866234157108	14838	24845.6333	100.0	7338375.0	7338375.0	2.2399999999999998
V350082740_L03_63-63	38.884871176042076	193	99.9933117078554	99.9699026853493	99.9699026853493	99.76256562886667	99.75922148279437	10716	13536.431	100.0	4040220.0	4040220.0	1.0699999999999998
V350082740_L03_64-64	38.59288381540942	193	100.0	100.0	100.0	99.74584489850517	99.71909172992676	19578	23719.667	100.0	7116488.0	7116488.0	0.7799999999999999
V350082740_L03_65-65	38.695465374570006	193	100.0	100.0	100.0	100.0	100.0	31214	38202.8185	100.0	11448310.0	11448310.0	0.74
V350082740_L03_66-66	38.99139399301242	193	100.0	99.9899675617831	99.9765909774939	99.9699026853493	99.966558539277	19107	25445.3469	100.0	7562985.0	7562985.0	1.55
V350082740_L03_67-67	38.83081200675071	193	100.0	100.0	100.0	100.0	99.89633147175869	14383	18609.1109	100.0	5591944.0	5591944.0	0.72
V350082740_L03_68-68	38.36085986265484	188	100.0	100.0	100.0	100.0	99.89633147175869	7428	9289.0427	100.0	3250089.0	3250089.0	0.7799999999999999
V350082740_L03_69-69	38.75901277506521	193	100.0	99.9765909774939	99.97324683142159	99.9464936628432	99.92642878640939	16382	21992.5445	100.0	6584868.0	6584868.0	0.76
V350082740_L03_70-70	38.61503923392736	193	100.0	100.0	100.0	99.9966558539277	99.9966558539277	20734	26699.3052	100.0	8025693.0	8025693.0	0.74
V350082740_L03_71-71	38.43568374519891	191	100.0	100.0	100.0	99.90636390997558	99.89633147175869	6172	8314.6822	100.0	2522383.0	2522383.0	0.97
V350082740_L03_72-72	38.80610828992584	193	100.0	99.88964317961408	99.85285757281878	99.83613684245728	99.82944855031268	14652	18486.1469	100.0	5511892.0	5511892.0	1.16
V350082740_L03_73-73	38.61664715662496	191	100.0	100.0	100.0	100.0	100.0	12366	16290.4142	100.0	5320747.0	5320747.0	0.6799999999999999
V350082740_L03_74-74	38.6282007511096	190	100.0	100.0	100.0	100.0	100.0	14779	18478.8716	100.0	6092470.0	6092470.0	0.7100000000000001
V350082740_L03_75-75	38.850993749899594	193	100.0	100.0	100.0	100.0	99.9966558539277	14302	18746.6187	100.0	5618942.0	5618942.0	0.7799999999999999
V350082740_L03_76-76	38.133012597680704	182	100.0	100.0	100.0	99.9531819549878	99.9464936628432	4649	5988.8227	100.0	2306776.0	2306776.0	0.7100000000000001
V350082740_L03_77-77	38.20565152808804	165	100.0	100.0	100.0	99.899675617831	99.899675617831	3896	5692.2679	100.0	2498404.0	2498404.0	0.63
V350082740_L03_78-78	39.32078088723338	193	99.97324683142159	99.9699026853493	99.9699026853493	99.87626659532488	99.84951342674648	10398	14580.7882	100.0	4338523.0	4338523.0	1.4200000000000002
V350082740_L03_79-79	38.6158536114777	192	100.0	100.0	100.0	100.0	99.9966558539277	14077	17404.5373	100.0	5201279.0	5201279.0	1.29
V350082740_L03_80-80	39.42385736286166	193	99.9832792696385	99.9699026853493	99.88629903354179	99.86623415710798	99.86623415710798	16418	23947.4244	100.0	7098814.0	7098814.0	1.82
V350082740_L03_81-81	38.576791257486406	193	99.9799351235662	99.9699026853493	99.87292244925258	99.86623415710798	99.85954586496338	11879	14522.8145	100.0	4335740.0	4335740.0	0.96
V350082740_L03_82-82	38.87820047028239	193	100.0	100.0	99.9899675617831	99.94314951677089	99.83948098852957	6189	7405.2048	100.0	2216489.0	2216489.0	0.77
V350082740_L03_83-83	38.613550852097326	193	100.0	100.0	100.0	100.0	99.9966558539277	13423	17227.0246	100.0	5175432.0	5175432.0	0.7000000000000001
V350082740_L03_84-84	38.70076772622644	193	99.9899675617831	99.77594221315587	99.76925392101127	99.69902685349297	99.59535832525165	10633	12593.2985	100.0	3760443.0	3760443.0	1.0
V350082740_L03_85-85	38.59883616952259	193	100.0	99.9765909774939	99.9699026853493	99.9598702471324	99.95652610106009	22295	27200.9281	100.0	8121468.0	8121468.0	1.0999999999999999
V350082740_L03_86-86	39.2297220211062	193	99.9799351235662	99.9699026853493	99.966558539277	99.75922148279437	99.53850784202254	2050	3062.9883	100.0	910970.0	910970.0	1.4000000000000001
V350082740_L03_87-87	38.93905928083252	193	100.0	100.0	100.0	100.0	100.0	22199	28796.7604	100.0	8597038.0	8597038.0	1.34
V350082740_L03_88-88	39.046508737404395	168	100.0	100.0	100.0	100.0	99.9899675617831	6259	11432.806	100.0	4477497.0	4477497.0	2.18
V350082740_L03_89-89	38.8985942385008	193	99.9832792696385	99.9699026853493	99.9699026853493	99.87292244925258	99.86623415710798	19117	25549.136	100.0	7596104.0	7596104.0	1.48
V350082740_L03_90-90	39.18949850342161	193	100.0	100.0	100.0	100.0	100.0	14249	19320.3095	100.0	5841106.0	5841106.0	0.76
V350082740_L03_91-91	39.27207215516196	193	100.0	99.9966558539277	99.9966558539277	99.9966558539277	99.9966558539277	22773	29739.0907	100.0	8895943.0	8895943.0	0.7100000000000001
V350082740_L03_92-92	38.84717777359439	193	100.0	100.0	99.9832792696385	99.86289001103569	99.86289001103569	6060	8582.1742	100.0	2552425.0	2552425.0	1.4500000000000002
V350082740_L03_93-93	38.675531505565154	193	100.0	100.0	99.9899675617831	99.9699026853493	99.84951342674648	6911	9606.871	100.0	2869628.0	2869628.0	1.32
V350082740_L03_94-94	38.365478347809784	193	100.0	99.9699026853493	99.966558539277	99.80938367387887	99.80269538173427	3282	4284.1384	100.0	1280004.0	1280004.0	0.91
V350082740_L03_95-95	38.70718676607905	194	99.9799351235662	99.966558539277	99.95652610106009	99.76256562886667	99.62545563990236	15191	18909.3404	100.0	5657282.0	5657282.0	0.73
V350082740_L03_96-96	38.71535434624585	193	99.97324683142159	99.9699026853493	99.9699026853493	99.9398053706986	99.93646122462629	21332	26415.5404	100.0	7867564.0	7867564.0	1.3299999999999998
V350082740_L03_97-97	39.87742382271469	29	98.45500451459719	85.35264020332409	68.79911714543691	30.184262448583755	15.530214359763235	17	41.845	100.0	28788.0	28788.0	2.0
V350082740_L03_98-98	40.30250648228177	29	97.729324816908	76.49399725780022	54.64334682138916	19.67695548941578	8.56101394508912	11	31.6628	100.0	23270.0	23270.0	1.87
V350082740_L03_99-99	40.19958202716823	28	95.09748185800755	63.58559341872053	42.31682439888974	15.399792662943517	6.203390964117313	7	24.9396	100.0	18834.0	18834.0	1.67
V350082740_L04_01-01	38.185341373125226	194	100.0	100.0	99.89633147175869	99.89298732568639	99.89298732568639	5274	6997.6549	100.0	2095713.0	2095713.0	0.54
V350082740_L04_02-02	39.231868135461305	194	100.0	100.0	100.0	99.89633147175869	99.89633147175869	5604	10211.8713	100.0	3057096.0	3057096.0	0.5
V350082740_L04_03-03	37.603697525715866	30	99.72243587599907	94.6326455539578	88.33227435374377	76.21977727987158	68.60515667324348	128	949.5838	100.0	852909.0	852909.0	0.65
V350082740_L04_04-04	38.48591675684234	193	100.0	100.0	100.0	100.0	99.89298732568639	32327	37975.2004	100.0	11385426.0	11385426.0	0.54
V350082740_L04_05-05	38.37534219433667	193	100.0	100.0	100.0	99.89298732568639	99.89298732568639	16711	20229.2729	100.0	6063767.0	6063767.0	0.54
V350082740_L04_06-06	38.418318021965725	193	100.0	100.0	100.0	99.89298732568639	99.89298732568639	13580	17291.4073	100.0	5180444.0	5180444.0	0.5599999999999999
V350082740_L04_07-07	38.15126457496323	193	100.0	100.0	100.0	99.89298732568639	99.89298732568639	15670	19723.1814	100.0	5908395.0	5908395.0	0.5599999999999999
V350082740_L04_08-08	38.04508637256923	193	100.0	100.0	99.89298732568639	99.89298732568639	99.89298732568639	4773	6148.9197	100.0	1841568.0	1841568.0	0.54
V350082740_L04_09-09	38.104634502051155	193	100.0	100.0	100.0	99.89298732568639	99.89298732568639	5991	7830.7268	100.0	2344806.0	2344806.0	0.5
V350082740_L04_10-10	38.30647074369683	193	100.0	100.0	100.0	99.57863759489014	99.48165735879343	12647	15800.7979	100.0	4731315.0	4731315.0	0.48
V350082740_L04_100-100	40.27433050293927	29	99.02350934688828	85.92783332775976	66.20405979333178	31.391499180684214	17.128716182322844	16	44.2319	100.0	31582.0	31582.0	1.83
V350082740_L04_101-101	40.81442524417731	28	96.71604855700097	76.279971909173	53.11841621242016	23.57288566364579	11.975387084907869	10	37.4096	100.0	28821.0	28821.0	1.5599999999999998
V350082740_L04_102-102	40.52891692954785	29	95.17105307159817	69.83580242785006	48.77437046450189	20.128415209176335	8.975688058054375	9	24.6957	100.0	16025.0	16025.0	1.79
V350082740_L04_103-103	40.610169491525404	29	98.83289302076714	86.17530013710999	68.6921044711233	33.42808413871518	19.830786208741596	17	54.1514	100.0	41096.0	41096.0	1.69
V350082740_L04_104-104	40.2309509746013	29	98.4115306156573	85.10851754004615	66.51840952412802	30.421696819717084	15.918135304150086	16	49.3609	100.0	37732.0	37732.0	1.58
V350082740_L04_11-11	38.30817330134503	193	100.0	100.0	100.0	99.89633147175869	99.89298732568639	19343	24625.1202	100.0	7374529.0	7374529.0	0.47000000000000003
V350082740_L04_12-12	38.39734929617374	193	100.0	100.0	99.77259806708356	99.37130053840752	99.37130053840752	12361	16033.0852	100.0	4801339.0	4801339.0	0.49
V350082740_L04_13-13	38.49841106679311	193	100.0	100.0	100.0	99.89298732568639	99.89298732568639	17572	23078.5445	100.0	6910753.0	6910753.0	0.49
V350082740_L04_14-14	38.488786763371316	193	100.0	99.95652610106009	99.94983780891549	99.89298732568639	99.89298732568639	3117	4594.7986	100.0	1378175.0	1378175.0	0.5599999999999999
V350082740_L04_15-15	38.50508128315863	193	100.0	100.0	100.0	99.89633147175869	99.89298732568639	14359	19230.0338	100.0	5758755.0	5758755.0	0.51
V350082740_L04_16-16	38.40594514515923	193	100.0	99.9899675617831	99.89633147175869	99.89298732568639	99.89298732568639	9196	11406.3154	100.0	3417178.0	3417178.0	0.53
V350082740_L04_17-17	38.428725988884835	193	100.0	100.0	100.0	99.90636390997558	99.89633147175869	16601	20985.4214	100.0	6452601.0	6452601.0	0.5599999999999999
V350082740_L04_18-18	38.58193079390945	193	100.0	99.899675617831	99.89633147175869	99.89298732568639	99.89298732568639	3935	5237.7149	100.0	1576048.0	1576048.0	0.5499999999999999
V350082740_L04_19-19	38.403865939605936	193	100.0	100.0	100.0	99.89298732568639	99.89298732568639	10173	12978.9311	100.0	3893183.0	3893183.0	0.53
V350082740_L04_20-20	38.481597953511624	192	100.0	100.0	100.0	99.95652610106009	99.90970805604789	16711	20821.2321	100.0	6397382.0	6397382.0	0.5599999999999999
V350082740_L04_21-21	38.27725793099315	193	100.0	100.0	99.9966558539277	99.89298732568639	99.89298732568639	13662	17839.14	100.0	5342382.0	5342382.0	0.49
V350082740_L04_22-22	38.38311422240777	193	100.0	100.0	100.0	99.9531819549878	99.89633147175869	19267	26017.1944	100.0	7788654.0	7788654.0	0.5
V350082740_L04_23-23	38.44710535796426	193	100.0	100.0	100.0	99.9598702471324	99.899675617831	19546	26797.8129	100.0	8030305.0	8030305.0	0.5499999999999999
V350082740_L04_24-24	38.40957858610245	193	100.0	100.0	99.9632143932047	99.89298732568639	99.89298732568639	8357	10954.2425	100.0	3280854.0	3280854.0	0.5599999999999999
V350082740_L04_25-25	38.376546197799875	194	100.0	100.0	100.0	99.86623415710798	99.86623415710798	12799	17667.1492	100.0	5290304.0	5290304.0	0.53
V350082740_L04_26-26	38.45388601458649	193	100.0	100.0	100.0	99.89633147175869	99.88964317961408	18350	24619.0524	100.0	7373568.0	7373568.0	0.6799999999999999
V350082740_L04_27-27	38.14244997872096	193	100.0	100.0	100.0	99.89298732568639	99.89298732568639	17080	21506.9928	100.0	6443713.0	6443713.0	0.53
V350082740_L04_28-28	38.64353035892133	193	100.0	99.95652610106009	99.95652610106009	99.84616928067418	99.84616928067418	13738	19282.9422	100.0	5772060.0	5772060.0	0.66
V350082740_L04_29-29	38.34174164260876	193	100.0	100.0	100.0	99.95652610106009	99.84616928067418	25601	32631.7885	100.0	9768786.0	9768786.0	0.62
V350082740_L04_30-30	38.5115462570788	194	100.0	99.9966558539277	99.9966558539277	99.97324683142159	99.86623415710798	18111	24807.8047	100.0	7431622.0	7431622.0	0.5599999999999999
V350082740_L04_31-31	38.21311345467172	193	99.9598702471324	99.95652610106009	99.85285757281878	99.84282513460188	99.69233856134836	6434	8859.7692	100.0	2651954.0	2651954.0	0.66
V350082740_L04_32-32	38.74945064613458	193	100.0	99.9899675617831	99.9866234157108	99.90970805604789	99.84616928067418	23340	31196.5624	100.0	9339027.0	9339027.0	0.7100000000000001
V350082740_L04_33-33	38.44416614436313	193	100.0	99.9866234157108	99.95652610106009	99.84616928067418	99.84282513460188	10972	14191.1056	100.0	4249966.0	4249966.0	0.6799999999999999
V350082740_L04_34-34	38.26350374021715	193	100.0	99.95652610106009	99.94983780891549	99.67227368491456	99.38802126876902	13202	16437.9167	100.0	4921710.0	4921710.0	0.65
V350082740_L04_35-35	37.882358205615866	193	100.0	99.95652610106009	99.84616928067418	99.84282513460188	99.83948098852957	8085	10459.1663	100.0	3131691.0	3131691.0	0.61
V350082740_L04_36-36	38.330450270514305	193	100.0	100.0	99.9531819549878	99.87292244925258	99.86957830318028	14202	17462.1069	100.0	5237871.0	5237871.0	0.64
V350082740_L04_37-37	38.252033230599984	193	100.0	100.0	100.0	99.94983780891549	99.89298732568639	16056	20648.4726	100.0	6187507.0	6187507.0	0.5700000000000001
V350082740_L04_38-38	38.32923778967193	193	99.9866234157108	99.95652610106009	99.9531819549878	99.84282513460188	99.83948098852957	6948	8975.6799	100.0	2692315.0	2692315.0	0.69
V350082740_L04_39-39	37.7808331378881	193	99.9866234157108	99.95652610106009	99.9531819549878	99.84282513460188	99.83948098852957	7122	9266.2007	100.0	2774112.0	2774112.0	0.66
V350082740_L04_40-40	38.35464449228011	193	100.0	99.86957830318028	99.86623415710798	99.67561783098685	99.67561783098685	2437	3050.8077	100.0	914281.0	914281.0	0.58
V350082740_L04_41-41	37.87319552048747	193	99.9866234157108	99.95652610106009	99.94983780891549	99.84282513460188	99.83948098852957	6376	8424.6819	100.0	2522269.0	2522269.0	0.58
V350082740_L04_42-42	37.869762302171594	193	99.9866234157108	99.95652610106009	99.95652610106009	99.84282513460188	99.83948098852957	8809	11555.5223	100.0	3459254.0	3459254.0	0.58
V350082740_L04_43-43	37.907013727864076	193	100.0	100.0	99.88964317961408	99.86289001103569	99.83948098852957	7516	9764.4443	100.0	2925187.0	2925187.0	0.59
V350082740_L04_44-44	38.12923669826944	194	99.9832792696385	99.9230846403371	99.91974049426479	99.80269538173427	99.79935123566197	10745	13675.1762	100.0	4096909.0	4096909.0	0.5700000000000001
V350082740_L04_45-45	38.14888909921208	193	100.0	99.9832792696385	99.9230846403371	99.86623415710798	99.85954586496338	6496	8461.5711	100.0	2539703.0	2539703.0	0.5499999999999999
V350082740_L04_46-46	38.16961306427059	193	99.9598702471324	99.95652610106009	99.94983780891549	99.83948098852957	99.83948098852957	4912	6520.6446	100.0	1951907.0	1951907.0	0.63
V350082740_L04_47-47	37.86553403749614	193	99.95652610106009	99.84616928067418	99.84282513460188	99.83613684245728	99.66558539276996	2444	3131.6541	100.0	937413.0	937413.0	0.6
V350082740_L04_48-48	38.020668411115906	193	99.9598702471324	99.9230846403371	99.91974049426479	99.63548807811925	99.63548807811925	5538	7056.4862	100.0	2113301.0	2113301.0	0.53
V350082740_L04_49-49	38.6518102325811	193	99.9832792696385	99.9632143932047	99.85620171889109	99.75253319064977	99.74918904457746	8603	10877.0989	100.0	3244118.0	3244118.0	1.1400000000000001
V350082740_L04_50-50	38.9172783268162	193	100.0	100.0	100.0	99.9531819549878	99.899675617831	24110	32537.9022	100.0	9720089.0	9720089.0	1.31
V350082740_L04_51-51	38.624232343150766	193	100.0	99.9765909774939	99.9699026853493	99.86623415710798	99.84616928067418	13457	16965.24	100.0	5061105.0	5061105.0	1.08
V350082740_L04_52-52	38.69240506329114	193	99.9799351235662	99.88964317961408	99.85954586496338	99.74250075243286	99.72912416814367	13076	16370.7036	100.0	4886019.0	4886019.0	0.97
V350082740_L04_53-53	38.55244265506655	180	100.0	100.0	100.0	99.9531819549878	99.94983780891549	7957	10794.9031	100.0	4137033.0	4137033.0	0.69
V350082740_L04_54-54	39.300873079839775	193	100.0	100.0	100.0	99.84616928067418	99.83948098852957	17447	25269.7995	100.0	7560492.0	7560492.0	0.7000000000000001
V350082740_L04_55-55	38.646738243957664	193	100.0	100.0	99.9899675617831	99.9632143932047	99.86623415710798	24948	31484.9076	100.0	9394205.0	9394205.0	1.08
V350082740_L04_56-56	38.63142027640467	190	100.0	100.0	100.0	99.89633147175869	99.89298732568639	17126	22243.1429	100.0	7301675.0	7301675.0	1.08
V350082740_L04_57-57	38.61522718300833	193	100.0	99.9699026853493	99.86957830318028	99.73915660636057	99.72578002207136	16815	20741.3913	100.0	6186106.0	6186106.0	1.0699999999999998
V350082740_L04_58-58	39.00678640585074	193	100.0	99.9866234157108	99.9699026853493	99.90636390997558	99.86623415710798	23601	31518.1707	100.0	9388616.0	9388616.0	1.29
V350082740_L04_59-59	39.25298556726347	193	100.0	100.0	100.0	100.0	99.94983780891549	32451	44397.1591	100.0	13226678.0	13226678.0	1.37
V350082740_L04_60-60	38.66973995377553	192	100.0	99.9899675617831	99.9799351235662	99.88295488746948	99.76590977493898	29358	37480.1594	100.0	11206015.0	11206015.0	0.96
V350082740_L04_61-61	38.652403658365806	174	100.0	100.0	100.0	99.899675617831	99.899675617831	3120	4514.5089	100.0	1848129.0	1848129.0	0.64
V350082740_L04_62-62	39.62741178178307	192	100.0	100.0	100.0	99.88629903354179	99.86957830318028	14026	23618.7622	100.0	6975783.0	6975783.0	2.26
V350082740_L04_63-63	38.90289745912692	193	99.9765909774939	99.9699026853493	99.966558539277	99.76256562886667	99.75587733672207	10048	12735.7951	100.0	3801254.0	3801254.0	1.06
V350082740_L04_64-64	38.657654414863536	193	100.0	100.0	99.9966558539277	99.64217637026385	99.58532588703474	18180	22291.6177	100.0	6686373.0	6686373.0	0.77
V350082740_L04_65-65	38.73017663643028	193	100.0	100.0	100.0	100.0	99.65555295455306	28918	36231.3022	100.0	10857236.0	10857236.0	0.73
V350082740_L04_66-66	39.00520130969032	193	100.0	99.9933117078554	99.9799351235662	99.86289001103569	99.86289001103569	17937	24116.6665	100.0	7167587.0	7167587.0	1.55
V350082740_L04_67-67	38.86748607132469	193	100.0	100.0	100.0	99.89298732568639	99.88964317961408	13650	17594.4183	100.0	5283565.0	5283565.0	0.72
V350082740_L04_68-68	38.47407439317631	190	100.0	100.0	100.0	99.89298732568639	99.89298732568639	6903	8525.5788	100.0	2800698.0	2800698.0	0.77
V350082740_L04_69-69	38.78177597214161	193	99.9933117078554	99.9799351235662	99.9699026853493	99.85285757281878	99.82276025816807	15537	20792.6075	100.0	6226879.0	6226879.0	0.75
V350082740_L04_70-70	38.633346547067	193	100.0	100.0	100.0	99.89298732568639	99.88964317961408	19779	25382.5074	100.0	7628696.0	7628696.0	0.73
V350082740_L04_71-71	38.45674280183678	191	100.0	100.0	99.94314951677089	99.90636390997558	99.89298732568639	5849	7851.8987	100.0	2368074.0	2368074.0	0.95
V350082740_L04_72-72	38.82760115302073	193	99.9832792696385	99.88964317961408	99.86289001103569	99.73246831421596	99.71240343778216	13988	17506.5099	100.0	5220672.0	5220672.0	1.16
V350082740_L04_73-73	38.70381417348544	192	100.0	100.0	100.0	99.89298732568639	99.89298732568639	11550	15140.7667	100.0	4818027.0	4818027.0	0.67
V350082740_L04_74-74	38.69089321013195	190	100.0	100.0	100.0	99.966558539277	99.95652610106009	13878	17428.3713	100.0	5666230.0	5666230.0	0.7100000000000001
V350082740_L04_75-75	38.89079258712401	193	100.0	100.0	100.0	99.89633147175869	99.88964317961408	13455	17678.0549	100.0	5297155.0	5297155.0	0.77
V350082740_L04_76-76	38.22166021473963	187	100.0	100.0	99.9531819549878	99.899675617831	99.89298732568639	4350	5473.6692	100.0	1983934.0	1983934.0	0.7000000000000001
V350082740_L04_77-77	38.275516327449125	168	100.0	100.0	99.94314951677089	99.899675617831	99.899675617831	3650	5325.0685	100.0	2296199.0	2296199.0	0.61
V350082740_L04_78-78	39.34718572642643	193	100.0	99.9899675617831	99.93646122462629	99.74918904457746	99.73915660636057	9610	13780.5698	100.0	4100861.0	4100861.0	1.43
V350082740_L04_79-79	38.627736001555114	192	100.0	100.0	100.0	99.89633147175869	99.89298732568639	13365	16411.8769	100.0	4902284.0	4902284.0	1.28
V350082740_L04_80-80	39.4425668153927	193	99.9799351235662	99.966558539277	99.88295488746948	99.78263050530047	99.76590977493898	15512	22776.8902	100.0	6752146.0	6752146.0	1.83
V350082740_L04_81-81	38.60677834181014	193	99.9899675617831	99.97324683142159	99.86957830318028	99.75922148279437	99.75253319064977	11197	13693.6509	100.0	4088535.0	4088535.0	0.95
V350082740_L04_82-82	38.92676409745633	193	100.0	99.899675617831	99.88295488746948	99.83613684245728	99.83279269638498	5783	6978.2231	100.0	2088991.0	2088991.0	0.76
V350082740_L04_83-83	38.64447120332633	193	100.0	100.0	100.0	99.89633147175869	99.88964317961408	12668	16247.9078	100.0	4878599.0	4878599.0	0.69
V350082740_L04_84-84	38.732174397010475	193	99.9933117078554	99.84282513460188	99.71574758385447	99.59201417917934	99.58532588703474	9652	11801.8032	100.0	3524125.0	3524125.0	0.9900000000000001
V350082740_L04_85-85	38.596314417360745	193	100.0	99.9765909774939	99.9699026853493	99.86289001103569	99.84616928067418	21250	25891.8894	100.0	7731233.0	7731233.0	1.0999999999999999
V350082740_L04_86-86	39.251837769328276	193	100.0	99.9799351235662	99.89633147175869	99.75253319064977	99.68899441527606	1959	2916.8587	100.0	867520.0	867520.0	1.4000000000000001
V350082740_L04_87-87	38.954749501355046	193	100.0	100.0	100.0	99.899675617831	99.89633147175869	21223	27435.4912	100.0	8189563.0	8189563.0	1.34
V350082740_L04_88-88	39.08532120962663	170	100.0	100.0	100.0	99.899675617831	99.88964317961408	5898	10855.1758	100.0	4201660.0	4201660.0	2.21
V350082740_L04_89-89	38.90853858853177	193	100.0	99.9699026853493	99.9699026853493	99.77594221315587	99.76256562886667	18334	24303.8515	100.0	7227662.0	7227662.0	1.48
V350082740_L04_90-90	39.22122042186474	193	100.0	100.0	100.0	99.89633147175869	99.89633147175869	13557	18301.553	100.0	5526656.0	5526656.0	0.75
V350082740_L04_91-91	39.315938425633945	193	100.0	99.9966558539277	99.9966558539277	99.9966558539277	99.89633147175869	21000	27632.1251	100.0	8266187.0	8266187.0	0.7000000000000001
V350082740_L04_92-92	38.85904861769944	193	100.0	99.9899675617831	99.9765909774939	99.86289001103569	99.85954586496338	5716	8089.1084	100.0	2405583.0	2405583.0	1.44
V350082740_L04_93-93	38.68905416876431	193	100.0	100.0	99.97324683142159	99.86623415710798	99.85954586496338	6596	9143.8573	100.0	2730950.0	2730950.0	1.32
V350082740_L04_94-94	38.364318521022824	193	99.9765909774939	99.9699026853493	99.84616928067418	99.80269538173427	99.80269538173427	3150	4058.1318	100.0	1212655.0	1212655.0	0.8999999999999999
V350082740_L04_95-95	38.71218553326155	194	99.9866234157108	99.97324683142159	99.93311707855399	99.52178711166104	99.49503394308263	14043	17793.3338	100.0	5324406.0	5324406.0	0.72
V350082740_L04_96-96	38.73898702220609	193	100.0	99.9765909774939	99.9699026853493	99.83613684245728	99.83279269638498	19924	25203.2488	100.0	7506693.0	7506693.0	1.3299999999999998
V350082740_L04_97-97	40.63606010016693	29	99.2743203023108	90.98752633515032	76.86185332575327	39.812058990736716	21.90081262749557	21	53.1793	100.0	36798.0	36798.0	1.8599999999999999
V350082740_L04_98-98	40.60086767895877	29	97.96675918804134	82.4432331204227	61.23800287596562	25.766645487074875	13.523726716382972	14	39.4591	100.0	28923.0	28923.0	1.8399999999999999
V350082740_L04_99-99	40.9674418604651	28	93.866836103401	67.1504531317928	47.79119151924556	19.77059157944019	8.93221415911447	9	28.5613	100.0	21171.0	21171.0	1.67
