Sample	QualiMap_mqc-generalstats-qualimap-avg_gc	QualiMap_mqc-generalstats-qualimap-median_insert_size	QualiMap_mqc-generalstats-qualimap-1_x_pc	QualiMap_mqc-generalstats-qualimap-5_x_pc	QualiMap_mqc-generalstats-qualimap-10_x_pc	QualiMap_mqc-generalstats-qualimap-30_x_pc	QualiMap_mqc-generalstats-qualimap-50_x_pc	QualiMap_mqc-generalstats-qualimap-median_coverage	QualiMap_mqc-generalstats-qualimap-mean_coverage	QualiMap_mqc-generalstats-qualimap-percentage_aligned	QualiMap_mqc-generalstats-qualimap-mapped_reads	QualiMap_mqc-generalstats-qualimap-total_reads	QualiMap_mqc-generalstats-qualimap-general_error_rate
V350082740_L14_01-01	38.16999605662458	194	100.0	100.0	100.0	100.0	99.9531819549878	22160	29229.5961	100.0	8753476.0	8753476.0	0.54
V350082740_L14_02-02	39.158827420452106	194	100.0	100.0	100.0	100.0	100.0	23434	42582.3348	100.0	12746443.0	12746443.0	0.49
V350082740_L14_03-03	37.492147420766074	30	99.9832792696385	99.79600708958968	99.01013276259907	91.99411430291275	87.04812226198041	551	4212.7926	100.0	3804518.0	3804518.0	0.64
V350082740_L14_04-04	38.46668443468568	193	100.0	100.0	100.0	100.0	100.0	134141	157734.6165	100.0	47288027.0	47288027.0	0.53
V350082740_L14_05-05	38.35811076868359	193	100.0	100.0	100.0	100.0	100.0	69076	84182.0761	100.0	25230302.0	25230302.0	0.53
V350082740_L14_06-06	38.37785694927763	193	100.0	100.0	100.0	100.0	100.0	57879	72607.3559	100.0	21751835.0	21751835.0	0.5499999999999999
V350082740_L14_07-07	38.145895388432706	193	100.0	100.0	100.0	100.0	100.0	65497	82108.3989	100.0	24594757.0	24594757.0	0.5499999999999999
V350082740_L14_08-08	38.01575048328294	193	100.0	100.0	100.0	100.0	99.89298732568639	19867	25753.8337	100.0	7711871.0	7711871.0	0.53
V350082740_L14_09-09	38.0605650231408	193	100.0	100.0	100.0	100.0	100.0	25034	32918.8656	100.0	9855707.0	9855707.0	0.5
V350082740_L14_10-10	38.2876181384055	193	100.0	100.0	100.0	100.0	99.73915660636057	53066	66028.3583	100.0	19769768.0	19769768.0	0.48
V350082740_L14_11-11	38.2893391862113	193	100.0	100.0	100.0	100.0	100.0	80409	102328.821	100.0	30640265.0	30640265.0	0.45999999999999996
V350082740_L14_12-12	38.37201123385134	193	100.0	100.0	100.0	99.9598702471324	99.72912416814367	51805	66937.2603	100.0	20043312.0	20043312.0	0.48
V350082740_L14_13-13	38.465376633135186	193	100.0	100.0	100.0	100.0	100.0	72966	96440.0057	100.0	28874573.0	28874573.0	0.48
V350082740_L14_14-14	38.465280003923844	193	100.0	100.0	100.0	99.9933117078554	99.899675617831	12909	19066.5835	100.0	5718864.0	5718864.0	0.5599999999999999
V350082740_L14_15-15	38.489654133317416	194	100.0	100.0	100.0	100.0	100.0	60609	80074.4639	100.0	23976593.0	23976593.0	0.5
V350082740_L14_16-16	38.364459589549675	193	100.0	100.0	100.0	100.0	100.0	38793	47972.2565	100.0	14369488.0	14369488.0	0.52
V350082740_L14_17-17	38.40652574134742	193	100.0	100.0	100.0	100.0	100.0	69040	87231.2256	100.0	26830770.0	26830770.0	0.5499999999999999
V350082740_L14_18-18	38.56461225944189	193	100.0	100.0	100.0	100.0	99.9398053706986	16563	21920.913	100.0	6597267.0	6597267.0	0.5499999999999999
V350082740_L14_19-19	38.37611637947877	193	100.0	100.0	100.0	100.0	100.0	42274	53854.8968	100.0	16152191.0	16152191.0	0.53
V350082740_L14_20-20	38.44384551527302	192	100.0	100.0	100.0	100.0	100.0	69486	86742.877	100.0	26685856.0	26685856.0	0.5599999999999999
V350082740_L14_21-21	38.23743034521547	193	100.0	100.0	100.0	100.0	100.0	57572	74646.1146	100.0	22351230.0	22351230.0	0.49
V350082740_L14_22-22	38.36892538297241	193	100.0	100.0	100.0	100.0	100.0	81148	110152.2771	100.0	32973748.0	32973748.0	0.5
V350082740_L14_23-23	38.421594630209384	193	100.0	100.0	100.0	100.0	100.0	81459	111476.4601	100.0	33402794.0	33402794.0	0.54
V350082740_L14_24-24	38.37265628533535	193	100.0	100.0	100.0	100.0	100.0	34905	45799.7414	100.0	13715435.0	13715435.0	0.5499999999999999
V350082740_L14_25-25	38.36286317301673	194	100.0	100.0	100.0	100.0	99.9966558539277	54061	73883.3156	100.0	22122909.0	22122909.0	0.53
V350082740_L14_26-26	38.43525450091531	193	100.0	100.0	100.0	100.0	100.0	77184	102484.599	100.0	30690436.0	30690436.0	0.67
V350082740_L14_27-27	38.12582818879173	193	100.0	100.0	100.0	100.0	100.0	71063	89888.5925	100.0	26929423.0	26929423.0	0.52
V350082740_L14_28-28	38.624406637592934	193	100.0	100.0	99.9866234157108	99.95652610106009	99.9531819549878	57916	80504.7231	100.0	24094082.0	24094082.0	0.65
V350082740_L14_29-29	38.33114009913648	193	100.0	100.0	100.0	100.0	99.9866234157108	106939	135842.6418	100.0	40662714.0	40662714.0	0.62
V350082740_L14_30-30	38.50356036112906	194	100.0	100.0	100.0	99.9899675617831	99.9799351235662	75141	103092.1809	100.0	30878544.0	30878544.0	0.5499999999999999
V350082740_L14_31-31	38.19146797286297	193	99.9598702471324	99.95652610106009	99.95652610106009	99.9531819549878	99.9531819549878	26627	37084.4263	100.0	11099328.0	11099328.0	0.65
V350082740_L14_32-32	38.70073846980565	193	100.0	100.0	99.9899675617831	99.95652610106009	99.95652610106009	97684	130591.2022	100.0	39088068.0	39088068.0	0.69
V350082740_L14_33-33	38.39604761650325	193	100.0	100.0	100.0	99.95652610106009	99.9531819549878	46608	60104.249	100.0	17997344.0	17997344.0	0.67
V350082740_L14_34-34	38.26055759584794	193	100.0	100.0	99.9866234157108	99.9464936628432	99.88629903354179	55150	68387.1998	100.0	20473724.0	20473724.0	0.65
V350082740_L14_35-35	37.855100260487205	193	100.0	99.95652610106009	99.9531819549878	99.9531819549878	99.90301976390329	33583	43826.8171	100.0	13120123.0	13120123.0	0.6
V350082740_L14_36-36	38.31145853376504	193	100.0	100.0	100.0	100.0	99.9933117078554	59087	72432.0312	100.0	21723667.0	21723667.0	0.63
V350082740_L14_37-37	38.23825014734488	193	100.0	100.0	100.0	100.0	100.0	66242	85679.9235	100.0	25670998.0	25670998.0	0.5599999999999999
V350082740_L14_38-38	38.293851129814406	193	100.0	100.0	99.95652610106009	99.9531819549878	99.9531819549878	29027	37677.3686	100.0	11300592.0	11300592.0	0.69
V350082740_L14_39-39	37.75917267708069	193	99.9899675617831	99.95652610106009	99.9531819549878	99.9531819549878	99.9531819549878	30003	38769.6186	100.0	11605756.0	11605756.0	0.65
V350082740_L14_40-40	38.30782698462926	193	100.0	100.0	99.9765909774939	99.86623415710798	99.86289001103569	10258	12874.4167	100.0	3857847.0	3857847.0	0.58
V350082740_L14_41-41	37.86460988535738	193	100.0	99.95652610106009	99.9531819549878	99.9531819549878	99.91305220212018	26494	34992.9613	100.0	10475340.0	10475340.0	0.5700000000000001
V350082740_L14_42-42	37.8505566820187	193	100.0	99.9866234157108	99.9866234157108	99.9531819549878	99.9531819549878	36979	48314.9102	100.0	14462313.0	14462313.0	0.58
V350082740_L14_43-43	37.88865497056884	193	100.0	100.0	100.0	100.0	99.94314951677089	31474	40839.0817	100.0	12232881.0	12232881.0	0.58
V350082740_L14_44-44	38.10139318749417	194	99.9866234157108	99.9765909774939	99.94314951677089	99.9230846403371	99.91974049426479	44658	57042.1133	100.0	17086166.0	17086166.0	0.5599999999999999
V350082740_L14_45-45	38.11317802093253	193	100.0	100.0	99.9933117078554	99.9765909774939	99.9765909774939	27324	35379.1202	100.0	10617056.0	10617056.0	0.54
V350082740_L14_46-46	38.118390550900735	193	100.0	99.9866234157108	99.95652610106009	99.9531819549878	99.899675617831	20722	27432.6061	100.0	8210572.0	8210572.0	0.62
V350082740_L14_47-47	37.831816188589656	193	99.95652610106009	99.9531819549878	99.9531819549878	99.84282513460188	99.83948098852957	10251	13265.9192	100.0	3970642.0	3970642.0	0.59
V350082740_L14_48-48	38.00094451163993	193	100.0	99.9398053706986	99.9230846403371	99.91974049426479	99.81272781995118	23107	29508.0194	100.0	8836025.0	8836025.0	0.53
V350082740_L14_49-49	38.65037164580501	193	99.9832792696385	99.9765909774939	99.9699026853493	99.9632143932047	99.95652610106009	35836	45362.2362	100.0	13528533.0	13528533.0	1.1199999999999999
V350082740_L14_50-50	38.9018355661489	193	100.0	100.0	100.0	100.0	100.0	101195	135062.7807	100.0	40352473.0	40352473.0	1.29
V350082740_L14_51-51	38.618196484129925	193	100.0	100.0	100.0	99.9899675617831	99.9699026853493	57162	70792.2179	100.0	21117134.0	21117134.0	1.0699999999999998
V350082740_L14_52-52	38.66711821653374	193	99.9933117078554	99.9832792696385	99.899675617831	99.86957830318028	99.84951342674648	55021	68940.7173	100.0	20574964.0	20574964.0	0.96
V350082740_L14_53-53	38.50875601078607	180	100.0	100.0	100.0	100.0	100.0	33464	45495.4492	100.0	17638226.0	17638226.0	0.6799999999999999
V350082740_L14_54-54	39.276870473419564	193	100.0	100.0	100.0	100.0	99.9899675617831	72036	105396.511	100.0	31531480.0	31531480.0	0.7000000000000001
V350082740_L14_55-55	38.63271077162438	193	100.0	100.0	100.0	99.9866234157108	99.97324683142159	103203	130684.7219	100.0	38987594.0	38987594.0	1.08
V350082740_L14_56-56	38.59437901125164	189	100.0	100.0	100.0	100.0	100.0	71741	93614.8652	100.0	31134381.0	31134381.0	1.0699999999999998
V350082740_L14_57-57	38.6066098419325	193	100.0	99.9899675617831	99.9799351235662	99.87961074139719	99.86289001103569	70400	86745.1722	100.0	25870184.0	25870184.0	1.06
V350082740_L14_58-58	39.00289278305282	193	100.0	100.0	99.9899675617831	99.97324683142159	99.9699026853493	98743	131081.1062	100.0	39044128.0	39044128.0	1.28
V350082740_L14_59-59	39.23611893797863	193	100.0	100.0	100.0	100.0	100.0	135839	184948.9852	100.0	55096626.0	55096626.0	1.35
V350082740_L14_60-60	38.64481241364471	193	100.0	99.9933117078554	99.9899675617831	99.9832792696385	99.9799351235662	123722	156682.747	100.0	46843273.0	46843273.0	0.9400000000000001
V350082740_L14_61-61	38.57590161186932	172	100.0	100.0	100.0	100.0	99.9531819549878	13290	19278.1957	100.0	8074244.0	8074244.0	0.63
V350082740_L14_62-62	39.619370998414844	192	100.0	100.0	100.0	100.0	100.0	58421	98239.2793	100.0	29014910.0	29014910.0	2.23
V350082740_L14_63-63	38.88667239658423	193	99.9933117078554	99.9832792696385	99.9765909774939	99.9699026853493	99.89633147175869	42078	53257.0916	100.0	15894856.0	15894856.0	1.05
V350082740_L14_64-64	38.613241308702065	193	100.0	100.0	100.0	100.0	99.9966558539277	76756	93560.4693	100.0	28063695.0	28063695.0	0.77
V350082740_L14_65-65	38.70392961819588	193	100.0	100.0	100.0	100.0	100.0	121931	150821.8523	100.0	45193712.0	45193712.0	0.72
V350082740_L14_66-66	38.991323294839546	193	100.0	100.0	100.0	99.9899675617831	99.9899675617831	75082	100471.214	100.0	29860576.0	29860576.0	1.53
V350082740_L14_67-67	38.83767923694306	193	100.0	100.0	100.0	100.0	100.0	56666	73499.9139	100.0	22076432.0	22076432.0	0.7100000000000001
V350082740_L14_68-68	38.415945664856245	190	100.0	100.0	100.0	100.0	99.9799351235662	28836	35848.5516	100.0	11999525.0	11999525.0	0.76
V350082740_L14_69-69	38.76232043849835	193	100.0	99.9933117078554	99.9899675617831	99.9765909774939	99.966558539277	64696	86808.0442	100.0	25993427.0	25993427.0	0.74
V350082740_L14_70-70	38.61667119094823	193	100.0	100.0	100.0	100.0	100.0	82064	105570.3793	100.0	31727893.0	31727893.0	0.72
V350082740_L14_71-71	38.444155127891	191	100.0	100.0	100.0	100.0	99.94314951677089	24240	32683.3358	100.0	9877598.0	9877598.0	0.95
V350082740_L14_72-72	38.80946760634356	193	100.0	99.9832792696385	99.9799351235662	99.87292244925258	99.83948098852957	58245	73052.6434	100.0	21782753.0	21782753.0	1.15
V350082740_L14_73-73	38.653097998965215	192	100.0	100.0	100.0	100.0	100.0	48563	63679.405	100.0	20479559.0	20479559.0	0.66
V350082740_L14_74-74	38.655512223529065	190	100.0	100.0	100.0	100.0	100.0	58631	72829.609	100.0	23800698.0	23800698.0	0.7000000000000001
V350082740_L14_75-75	38.857283415476836	193	100.0	100.0	100.0	100.0	100.0	56365	73836.9062	100.0	22126093.0	22126093.0	0.77
V350082740_L14_76-76	38.17281127913849	186	100.0	100.0	100.0	100.0	99.95652610106009	18207	23135.1088	100.0	8599568.0	8599568.0	0.69
V350082740_L14_77-77	38.23867045006084	168	100.0	100.0	100.0	99.94983780891549	99.94314951677089	15331	22206.6993	100.0	9605321.0	9605321.0	0.61
V350082740_L14_78-78	39.324737120469784	193	100.0	99.9899675617831	99.9765909774939	99.9699026853493	99.9699026853493	40629	57482.6363	100.0	17104520.0	17104520.0	1.41
V350082740_L14_79-79	38.61691975605112	192	100.0	100.0	100.0	100.0	100.0	56253	68621.0176	100.0	20500124.0	20500124.0	1.27
V350082740_L14_80-80	39.424836246491	193	99.9866234157108	99.9799351235662	99.9765909774939	99.88964317961408	99.88295488746948	64836	94679.7939	100.0	28065777.0	28065777.0	1.81
V350082740_L14_81-81	38.58200080715971	193	99.9933117078554	99.9799351235662	99.9765909774939	99.87961074139719	99.86957830318028	47085	57248.1522	100.0	17091030.0	17091030.0	0.9400000000000001
V350082740_L14_82-82	38.89537898989621	193	100.0	100.0	100.0	100.0	99.9866234157108	24305	29122.2644	100.0	8716657.0	8716657.0	0.75
V350082740_L14_83-83	38.61550106187841	193	100.0	100.0	100.0	100.0	100.0	52911	67964.425	100.0	20410196.0	20410196.0	0.6799999999999999
V350082740_L14_84-84	38.70784233003968	193	99.9933117078554	99.9832792696385	99.86623415710798	99.75922148279437	99.71240343778216	41294	49437.6942	100.0	14762494.0	14762494.0	0.98
V350082740_L14_85-85	38.59376251456559	193	100.0	100.0	99.9899675617831	99.97324683142159	99.9699026853493	88388	107683.1252	100.0	32151420.0	32151420.0	1.09
V350082740_L14_86-86	39.23433413131179	193	100.0	99.9933117078554	99.9799351235662	99.86623415710798	99.85954586496338	8175	12146.9515	100.0	3612755.0	3612755.0	1.38
V350082740_L14_87-87	38.94046527885432	193	100.0	100.0	100.0	100.0	100.0	88021	114083.7159	100.0	34054541.0	34054541.0	1.3299999999999998
V350082740_L14_88-88	39.06827589841663	170	100.0	100.0	100.0	100.0	100.0	24510	44969.7266	100.0	17424987.0	17424987.0	2.18
V350082740_L14_89-89	38.89595524225729	193	100.0	99.9866234157108	99.9832792696385	99.9699026853493	99.9632143932047	75880	101131.6192	100.0	30070794.0	30070794.0	1.47
V350082740_L14_90-90	39.19950162618018	193	100.0	100.0	100.0	100.0	100.0	55925	76327.8066	100.0	23056448.0	23056448.0	0.75
V350082740_L14_91-91	39.28009389152577	193	100.0	100.0	100.0	99.9966558539277	99.9966558539277	89450	116266.9505	100.0	34779873.0	34779873.0	0.69
V350082740_L14_92-92	38.84948011025608	193	100.0	100.0	100.0	99.9765909774939	99.86623415710798	23882	33798.2676	100.0	10050917.0	10050917.0	1.43
V350082740_L14_93-93	38.67854539148652	193	100.0	100.0	100.0	99.9899675617831	99.97324683142159	27334	38003.0758	100.0	11349834.0	11349834.0	1.31
V350082740_L14_94-94	38.354814684227314	193	100.0	99.9699026853493	99.9699026853493	99.86623415710798	99.86289001103569	12941	16913.7769	100.0	5053590.0	5053590.0	0.8999999999999999
V350082740_L14_95-95	38.708235304692096	194	100.0	99.9765909774939	99.9765909774939	99.9531819549878	99.93646122462629	59412	74436.6898	100.0	22271171.0	22271171.0	0.72
V350082740_L14_96-96	38.721122285766484	193	100.0	99.9899675617831	99.9765909774939	99.9699026853493	99.9699026853493	84091	104585.6241	100.0	31150040.0	31150040.0	1.32
