Sample	Passed Filter	Low Quality	Too Many N	Too Short	Too Long
V350082740_L01_01-01_1	2217290.0	1914.0	38.0	0.0	0.0
V350082740_L01_02-02_1	3217580.0	1912.0	48.0	0.0	0.0
V350082740_L01_03-03_1	2544652.0	8648.0	26.0	0.0	0.0
V350082740_L01_04-04_1	12041518.0	8764.0	208.0	0.0	0.0
V350082740_L01_05-05_1	6384480.0	4410.0	90.0	0.0	0.0
V350082740_L01_06-06_1	5509820.0	2300.0	68.0	0.0	0.0
V350082740_L01_07-07_1	6231612.0	5300.0	106.0	0.0	0.0
V350082740_L01_08-08_1	1952222.0	1980.0	18.0	0.0	0.0
V350082740_L01_09-09_1	2500730.0	2274.0	46.0	0.0	0.0
V350082740_L01_10-10_1	5012586.0	2728.0	54.0	0.0	0.0
V350082740_L01_100-100_1	37830512.0	60662.0	600.0	0.0	0.0
V350082740_L01_101-101_1	32828584.0	33784.0	500.0	0.0	0.0
V350082740_L01_102-102_1	27735506.0	19766.0	424.0	0.0	0.0
V350082740_L01_103-103_1	39932020.0	64796.0	740.0	0.0	0.0
V350082740_L01_104-104_1	34761102.0	52900.0	554.0	0.0	0.0
V350082740_L01_11-11_1	7744670.0	4878.0	152.0	0.0	0.0
V350082740_L01_12-12_1	5083332.0	4334.0	90.0	0.0	0.0
V350082740_L01_13-13_1	7315756.0	5788.0	112.0	0.0	0.0
V350082740_L01_14-14_1	1456544.0	796.0	14.0	0.0	0.0
V350082740_L01_15-15_1	6064726.0	3682.0	114.0	0.0	0.0
V350082740_L01_16-16_1	3646484.0	2912.0	66.0	0.0	0.0
V350082740_L01_17-17_1	7007516.0	4058.0	130.0	0.0	0.0
V350082740_L01_18-18_1	1676048.0	1504.0	24.0	0.0	0.0
V350082740_L01_19-19_1	4080298.0	4180.0	76.0	0.0	0.0
V350082740_L01_20-20_1	7356638.0	5670.0	118.0	0.0	0.0
V350082740_L01_21-21_1	5671656.0	4196.0	94.0	0.0	0.0
V350082740_L01_22-22_1	8328392.0	2356.0	118.0	0.0	0.0
V350082740_L01_23-23_1	8453334.0	4828.0	136.0	0.0	0.0
V350082740_L01_24-24_1	3471108.0	3296.0	60.0	0.0	0.0
V350082740_L01_25-25_1	5596450.0	1736.0	94.0	0.0	0.0
V350082740_L01_26-26_1	7768746.0	6068.0	108.0	0.0	0.0
V350082740_L01_27-27_1	6815508.0	4100.0	120.0	0.0	0.0
V350082740_L01_28-28_1	6096504.0	3888.0	102.0	0.0	0.0
V350082740_L01_29-29_1	10304304.0	5482.0	186.0	0.0	0.0
V350082740_L01_30-30_1	7802656.0	5144.0	144.0	0.0	0.0
V350082740_L01_31-31_1	2809872.0	1898.0	34.0	0.0	0.0
V350082740_L01_32-32_1	9903318.0	6608.0	188.0	0.0	0.0
V350082740_L01_33-33_1	4562026.0	2830.0	78.0	0.0	0.0
V350082740_L01_34-34_1	5180412.0	3000.0	82.0	0.0	0.0
V350082740_L01_35-35_1	3324504.0	2918.0	72.0	0.0	0.0
V350082740_L01_36-36_1	5494980.0	3762.0	108.0	0.0	0.0
V350082740_L01_37-37_1	6510786.0	5252.0	104.0	0.0	0.0
V350082740_L01_38-38_1	2868516.0	4036.0	60.0	0.0	0.0
V350082740_L01_39-39_1	2942992.0	2618.0	42.0	0.0	0.0
V350082740_L01_40-40_1	977356.0	978.0	18.0	0.0	0.0
V350082740_L01_41-41_1	2654486.0	2696.0	48.0	0.0	0.0
V350082740_L01_42-42_1	3656780.0	2734.0	56.0	0.0	0.0
V350082740_L01_43-43_1	3105376.0	4030.0	58.0	0.0	0.0
V350082740_L01_44-44_1	4322244.0	4084.0	76.0	0.0	0.0
V350082740_L01_45-45_1	2694370.0	3636.0	52.0	0.0	0.0
V350082740_L01_46-46_1	2084324.0	1912.0	32.0	0.0	0.0
V350082740_L01_47-47_1	1003398.0	638.0	22.0	0.0	0.0
V350082740_L01_48-48_1	2244122.0	2460.0	52.0	0.0	0.0
V350082740_L01_49-49_1	3421098.0	2414.0	60.0	0.0	0.0
V350082740_L01_50-50_1	10267910.0	5616.0	176.0	0.0	0.0
V350082740_L01_51-51_1	5342754.0	3380.0	74.0	0.0	0.0
V350082740_L01_52-52_1	5203348.0	2626.0	98.0	0.0	0.0
V350082740_L01_53-53_1	5319176.0	18794.0	40.0	0.0	0.0
V350082740_L01_54-54_1	7977322.0	3958.0	140.0	0.0	0.0
V350082740_L01_55-55_1	9863848.0	6276.0	164.0	0.0	0.0
V350082740_L01_56-56_1	9163524.0	5648.0	152.0	0.0	0.0
V350082740_L01_57-57_1	6525170.0	2848.0	120.0	0.0	0.0
V350082740_L01_58-58_1	9896838.0	6770.0	152.0	0.0	0.0
V350082740_L01_59-59_1	13964824.0	9320.0	230.0	0.0	0.0
V350082740_L01_60-60_1	11867150.0	7926.0	242.0	0.0	0.0
V350082740_L01_61-61_1	2308866.0	4530.0	26.0	0.0	0.0
V350082740_L01_62-62_1	7354018.0	5266.0	108.0	0.0	0.0
V350082740_L01_63-63_1	4024516.0	2726.0	66.0	0.0	0.0
V350082740_L01_64-64_1	7176308.0	4108.0	120.0	0.0	0.0
V350082740_L01_65-65_1	11451124.0	6780.0	196.0	0.0	0.0
V350082740_L01_66-66_1	7566550.0	4450.0	136.0	0.0	0.0
V350082740_L01_67-67_1	5637816.0	3136.0	90.0	0.0	0.0
V350082740_L01_68-68_1	3512944.0	2442.0	46.0	0.0	0.0
V350082740_L01_69-69_1	6577392.0	4452.0	124.0	0.0	0.0
V350082740_L01_70-70_1	8066502.0	5556.0	126.0	0.0	0.0
V350082740_L01_71-71_1	2692770.0	1524.0	28.0	0.0	0.0
V350082740_L01_72-72_1	5518866.0	3482.0	110.0	0.0	0.0
V350082740_L01_73-73_1	5647380.0	2062.0	102.0	0.0	0.0
V350082740_L01_74-74_1	6704688.0	6210.0	102.0	0.0	0.0
V350082740_L01_75-75_1	5614202.0	3034.0	92.0	0.0	0.0
V350082740_L01_76-76_1	2348950.0	2384.0	36.0	0.0	0.0
V350082740_L01_77-77_1	2668046.0	1676.0	22.0	0.0	0.0
V350082740_L01_78-78_1	4328480.0	3552.0	90.0	0.0	0.0
V350082740_L01_79-79_1	5204640.0	4054.0	98.0	0.0	0.0
V350082740_L01_80-80_1	7102634.0	5694.0	132.0	0.0	0.0
V350082740_L01_81-81_1	4320580.0	2010.0	76.0	0.0	0.0
V350082740_L01_82-82_1	2200208.0	1342.0	38.0	0.0	0.0
V350082740_L01_83-83_1	5258470.0	3130.0	86.0	0.0	0.0
V350082740_L01_84-84_1	3732394.0	1858.0	66.0	0.0	0.0
V350082740_L01_85-85_1	8149792.0	5510.0	144.0	0.0	0.0
V350082740_L01_86-86_1	917430.0	574.0	16.0	0.0	0.0
V350082740_L01_87-87_1	8660448.0	7606.0	136.0	0.0	0.0
V350082740_L01_88-88_1	5744248.0	5986.0	102.0	0.0	0.0
V350082740_L01_89-89_1	7616170.0	6232.0	132.0	0.0	0.0
V350082740_L01_90-90_1	5960124.0	3770.0	96.0	0.0	0.0
V350082740_L01_91-91_1	8782220.0	2898.0	162.0	0.0	0.0
V350082740_L01_92-92_1	2538826.0	1098.0	56.0	0.0	0.0
V350082740_L01_93-93_1	2877486.0	2582.0	52.0	0.0	0.0
V350082740_L01_94-94_1	1281844.0	1042.0	8.0	0.0	0.0
V350082740_L01_95-95_1	5631158.0	3452.0	90.0	0.0	0.0
V350082740_L01_96-96_1	7886750.0	4640.0	142.0	0.0	0.0
V350082740_L01_97-97_1	43874394.0	60030.0	786.0	0.0	0.0
V350082740_L01_98-98_1	33800686.0	53760.0	588.0	0.0	0.0
V350082740_L01_99-99_1	34895158.0	33802.0	596.0	0.0	0.0
V350082740_L02_01-01_1	2232788.0	1800.0	22.0	0.0	0.0
V350082740_L02_02-02_1	3246492.0	1802.0	36.0	0.0	0.0
V350082740_L02_03-03_1	2574614.0	8432.0	16.0	0.0	0.0
V350082740_L02_04-04_1	12111816.0	8848.0	132.0	0.0	0.0
V350082740_L02_05-05_1	6429480.0	4220.0	70.0	0.0	0.0
V350082740_L02_06-06_1	5542362.0	2380.0	54.0	0.0	0.0
V350082740_L02_07-07_1	6273890.0	4974.0	68.0	0.0	0.0
V350082740_L02_08-08_1	1968670.0	2042.0	8.0	0.0	0.0
V350082740_L02_09-09_1	2515666.0	2376.0	30.0	0.0	0.0
V350082740_L02_10-10_1	5041654.0	2776.0	32.0	0.0	0.0
V350082740_L02_100-100_1	38089870.0	58846.0	456.0	0.0	0.0
V350082740_L02_101-101_1	33215948.0	31120.0	404.0	0.0	0.0
V350082740_L02_102-102_1	27831122.0	19160.0	288.0	0.0	0.0
V350082740_L02_103-103_1	40230312.0	62742.0	440.0	0.0	0.0
V350082740_L02_104-104_1	35000310.0	50222.0	382.0	0.0	0.0
V350082740_L02_11-11_1	7791870.0	4814.0	88.0	0.0	0.0
V350082740_L02_12-12_1	5105506.0	4696.0	46.0	0.0	0.0
V350082740_L02_13-13_1	7359114.0	5774.0	86.0	0.0	0.0
V350082740_L02_14-14_1	1468874.0	818.0	16.0	0.0	0.0
V350082740_L02_15-15_1	6109810.0	3778.0	66.0	0.0	0.0
V350082740_L02_16-16_1	3666982.0	2912.0	32.0	0.0	0.0
V350082740_L02_17-17_1	7032756.0	4064.0	70.0	0.0	0.0
V350082740_L02_18-18_1	1688652.0	1478.0	30.0	0.0	0.0
V350082740_L02_19-19_1	4108230.0	4116.0	36.0	0.0	0.0
V350082740_L02_20-20_1	7412050.0	5530.0	76.0	0.0	0.0
V350082740_L02_21-21_1	5696554.0	3980.0	94.0	0.0	0.0
V350082740_L02_22-22_1	8421242.0	2622.0	80.0	0.0	0.0
V350082740_L02_23-23_1	8502550.0	4582.0	82.0	0.0	0.0
V350082740_L02_24-24_1	3491986.0	3314.0	30.0	0.0	0.0
V350082740_L02_25-25_1	5643128.0	1862.0	64.0	0.0	0.0
V350082740_L02_26-26_1	7813176.0	5692.0	82.0	0.0	0.0
V350082740_L02_27-27_1	6859198.0	3902.0	76.0	0.0	0.0
V350082740_L02_28-28_1	6138986.0	3706.0	44.0	0.0	0.0
V350082740_L02_29-29_1	10354916.0	5584.0	130.0	0.0	0.0
V350082740_L02_30-30_1	7858200.0	4986.0	56.0	0.0	0.0
V350082740_L02_31-31_1	2826976.0	1858.0	36.0	0.0	0.0
V350082740_L02_32-32_1	9966610.0	6392.0	112.0	0.0	0.0
V350082740_L02_33-33_1	4605168.0	3002.0	44.0	0.0	0.0
V350082740_L02_34-34_1	5212434.0	2846.0	30.0	0.0	0.0
V350082740_L02_35-35_1	3344816.0	2998.0	18.0	0.0	0.0
V350082740_L02_36-36_1	5541166.0	3508.0	64.0	0.0	0.0
V350082740_L02_37-37_1	6537128.0	4922.0	62.0	0.0	0.0
V350082740_L02_38-38_1	2884190.0	3780.0	46.0	0.0	0.0
V350082740_L02_39-39_1	2962308.0	2606.0	40.0	0.0	0.0
V350082740_L02_40-40_1	985768.0	956.0	8.0	0.0	0.0
V350082740_L02_41-41_1	2665146.0	2730.0	32.0	0.0	0.0
V350082740_L02_42-42_1	3674306.0	2928.0	36.0	0.0	0.0
V350082740_L02_43-43_1	3121774.0	3920.0	28.0	0.0	0.0
V350082740_L02_44-44_1	4355300.0	4170.0	42.0	0.0	0.0
V350082740_L02_45-45_1	2714260.0	3500.0	18.0	0.0	0.0
V350082740_L02_46-46_1	2094384.0	1936.0	18.0	0.0	0.0
V350082740_L02_47-47_1	1014064.0	776.0	14.0	0.0	0.0
V350082740_L02_48-48_1	2258144.0	2524.0	24.0	0.0	0.0
V350082740_L02_49-49_1	3444648.0	2302.0	28.0	0.0	0.0
V350082740_L02_50-50_1	10299628.0	5580.0	104.0	0.0	0.0
V350082740_L02_51-51_1	5377434.0	3336.0	68.0	0.0	0.0
V350082740_L02_52-52_1	5242112.0	2612.0	68.0	0.0	0.0
V350082740_L02_53-53_1	5371548.0	18614.0	38.0	0.0	0.0
V350082740_L02_54-54_1	8037282.0	4012.0	64.0	0.0	0.0
V350082740_L02_55-55_1	9921994.0	5962.0	80.0	0.0	0.0
V350082740_L02_56-56_1	9189460.0	5192.0	78.0	0.0	0.0
V350082740_L02_57-57_1	6578462.0	2748.0	66.0	0.0	0.0
V350082740_L02_58-58_1	9953100.0	6734.0	112.0	0.0	0.0
V350082740_L02_59-59_1	14054174.0	8920.0	190.0	0.0	0.0
V350082740_L02_60-60_1	11947518.0	7812.0	148.0	0.0	0.0
V350082740_L02_61-61_1	2356758.0	4380.0	16.0	0.0	0.0
V350082740_L02_62-62_1	7393796.0	5084.0	68.0	0.0	0.0
V350082740_L02_63-63_1	4042476.0	2806.0	28.0	0.0	0.0
V350082740_L02_64-64_1	7219646.0	4192.0	58.0	0.0	0.0
V350082740_L02_65-65_1	11524130.0	6512.0	166.0	0.0	0.0
V350082740_L02_66-66_1	7614328.0	4266.0	52.0	0.0	0.0
V350082740_L02_67-67_1	5669186.0	3010.0	58.0	0.0	0.0
V350082740_L02_68-68_1	3564984.0	2544.0	22.0	0.0	0.0
V350082740_L02_69-69_1	6633178.0	4158.0	72.0	0.0	0.0
V350082740_L02_70-70_1	8104716.0	5496.0	94.0	0.0	0.0
V350082740_L02_71-71_1	2717628.0	1404.0	22.0	0.0	0.0
V350082740_L02_72-72_1	5554294.0	3566.0	70.0	0.0	0.0
V350082740_L02_73-73_1	5710318.0	2176.0	76.0	0.0	0.0
V350082740_L02_74-74_1	6733620.0	6074.0	58.0	0.0	0.0
V350082740_L02_75-75_1	5641696.0	2864.0	62.0	0.0	0.0
V350082740_L02_76-76_1	2370998.0	2364.0	20.0	0.0	0.0
V350082740_L02_77-77_1	2678888.0	1678.0	14.0	0.0	0.0
V350082740_L02_78-78_1	4357010.0	3560.0	30.0	0.0	0.0
V350082740_L02_79-79_1	5233418.0	4182.0	34.0	0.0	0.0
V350082740_L02_80-80_1	7142350.0	5478.0	88.0	0.0	0.0
V350082740_L02_81-81_1	4358128.0	2038.0	40.0	0.0	0.0
V350082740_L02_82-82_1	2220430.0	1338.0	32.0	0.0	0.0
V350082740_L02_83-83_1	5291966.0	3010.0	50.0	0.0	0.0
V350082740_L02_84-84_1	3759054.0	1766.0	42.0	0.0	0.0
V350082740_L02_85-85_1	8195512.0	5284.0	80.0	0.0	0.0
V350082740_L02_86-86_1	919354.0	588.0	6.0	0.0	0.0
V350082740_L02_87-87_1	8714660.0	7252.0	110.0	0.0	0.0
V350082740_L02_88-88_1	5753462.0	5318.0	66.0	0.0	0.0
V350082740_L02_89-89_1	7661868.0	6100.0	68.0	0.0	0.0
V350082740_L02_90-90_1	5993024.0	3552.0	56.0	0.0	0.0
V350082740_L02_91-91_1	8854666.0	3288.0	96.0	0.0	0.0
V350082740_L02_92-92_1	2563940.0	1148.0	10.0	0.0	0.0
V350082740_L02_93-93_1	2902088.0	2512.0	28.0	0.0	0.0
V350082740_L02_94-94_1	1285688.0	1044.0	10.0	0.0	0.0
V350082740_L02_95-95_1	5679270.0	3342.0	56.0	0.0	0.0
V350082740_L02_96-96_1	7923018.0	4574.0	94.0	0.0	0.0
V350082740_L02_97-97_1	44135326.0	59072.0	504.0	0.0	0.0
V350082740_L02_98-98_1	34083400.0	52686.0	388.0	0.0	0.0
V350082740_L02_99-99_1	35302654.0	35280.0	364.0	0.0	0.0
V350082740_L03_01-01_1	2222044.0	1908.0	4898.0	0.0	0.0
V350082740_L03_02-02_1	3245320.0	1878.0	7446.0	0.0	0.0
V350082740_L03_03-03_1	2739432.0	8268.0	5872.0	0.0	0.0
V350082740_L03_04-04_1	12070664.0	8834.0	27062.0	0.0	0.0
V350082740_L03_05-05_1	6408536.0	4226.0	14834.0	0.0	0.0
V350082740_L03_06-06_1	5551328.0	2578.0	12358.0	0.0	0.0
V350082740_L03_07-07_1	6221214.0	4666.0	13700.0	0.0	0.0
V350082740_L03_08-08_1	1960492.0	2010.0	4426.0	0.0	0.0
V350082740_L03_09-09_1	2509092.0	2604.0	5482.0	0.0	0.0
V350082740_L03_10-10_1	5011152.0	2876.0	11496.0	0.0	0.0
V350082740_L03_100-100_1	37923314.0	60308.0	85796.0	0.0	0.0
V350082740_L03_101-101_1	33280042.0	32302.0	77460.0	0.0	0.0
V350082740_L03_102-102_1	27787178.0	20384.0	49172.0	0.0	0.0
V350082740_L03_103-103_1	39957998.0	61914.0	89730.0	0.0	0.0
V350082740_L03_104-104_1	34834568.0	50716.0	78248.0	0.0	0.0
V350082740_L03_11-11_1	7772334.0	4852.0	17696.0	0.0	0.0
V350082740_L03_12-12_1	5086178.0	4656.0	11304.0	0.0	0.0
V350082740_L03_13-13_1	7329988.0	5982.0	16534.0	0.0	0.0
V350082740_L03_14-14_1	1462102.0	866.0	3420.0	0.0	0.0
V350082740_L03_15-15_1	6084664.0	3746.0	13520.0	0.0	0.0
V350082740_L03_16-16_1	3663862.0	2982.0	8494.0	0.0	0.0
V350082740_L03_17-17_1	7046150.0	4096.0	15860.0	0.0	0.0
V350082740_L03_18-18_1	1688128.0	1440.0	3756.0	0.0	0.0
V350082740_L03_19-19_1	4101536.0	3964.0	9566.0	0.0	0.0
V350082740_L03_20-20_1	7454488.0	5532.0	17376.0	0.0	0.0
V350082740_L03_21-21_1	5677108.0	4188.0	13072.0	0.0	0.0
V350082740_L03_22-22_1	8463994.0	2812.0	19130.0	0.0	0.0
V350082740_L03_23-23_1	8498306.0	4628.0	19086.0	0.0	0.0
V350082740_L03_24-24_1	3490190.0	3466.0	7878.0	0.0	0.0
V350082740_L03_25-25_1	5655416.0	2158.0	12782.0	0.0	0.0
V350082740_L03_26-26_1	7799554.0	5860.0	17546.0	0.0	0.0
V350082740_L03_27-27_1	6849940.0	4208.0	15534.0	0.0	0.0
V350082740_L03_28-28_1	6126716.0	3988.0	14124.0	0.0	0.0
V350082740_L03_29-29_1	10286338.0	5780.0	22886.0	0.0	0.0
V350082740_L03_30-30_1	7829412.0	5066.0	17984.0	0.0	0.0
V350082740_L03_31-31_1	2824746.0	1962.0	6386.0	0.0	0.0
V350082740_L03_32-32_1	9942932.0	6382.0	22672.0	0.0	0.0
V350082740_L03_33-33_1	4605518.0	3220.0	10472.0	0.0	0.0
V350082740_L03_34-34_1	5191306.0	3076.0	11720.0	0.0	0.0
V350082740_L03_35-35_1	3338958.0	3266.0	7310.0	0.0	0.0
V350082740_L03_36-36_1	5520828.0	3718.0	12646.0	0.0	0.0
V350082740_L03_37-37_1	6491234.0	5036.0	14434.0	0.0	0.0
V350082740_L03_38-38_1	2875962.0	4132.0	6544.0	0.0	0.0
V350082740_L03_39-39_1	2946540.0	3074.0	6464.0	0.0	0.0
V350082740_L03_40-40_1	986122.0	1016.0	2202.0	0.0	0.0
V350082740_L03_41-41_1	2650078.0	3054.0	5682.0	0.0	0.0
V350082740_L03_42-42_1	3685342.0	3248.0	8258.0	0.0	0.0
V350082740_L03_43-43_1	3100908.0	4158.0	6716.0	0.0	0.0
V350082740_L03_44-44_1	4335322.0	4582.0	9638.0	0.0	0.0
V350082740_L03_45-45_1	2693014.0	3760.0	6010.0	0.0	0.0
V350082740_L03_46-46_1	2092034.0	2034.0	4546.0	0.0	0.0
V350082740_L03_47-47_1	1019782.0	874.0	2196.0	0.0	0.0
V350082740_L03_48-48_1	2235136.0	2432.0	5052.0	0.0	0.0
V350082740_L03_49-49_1	3438342.0	2436.0	7690.0	0.0	0.0
V350082740_L03_50-50_1	10279976.0	5880.0	23356.0	0.0	0.0
V350082740_L03_51-51_1	5365284.0	3548.0	12138.0	0.0	0.0
V350082740_L03_52-52_1	5262658.0	3042.0	11716.0	0.0	0.0
V350082740_L03_53-53_1	5585504.0	18620.0	12266.0	0.0	0.0
V350082740_L03_54-54_1	7989630.0	4298.0	17908.0	0.0	0.0
V350082740_L03_55-55_1	9868366.0	6146.0	22346.0	0.0	0.0
V350082740_L03_56-56_1	9522288.0	5462.0	20782.0	0.0	0.0
V350082740_L03_57-57_1	6601718.0	2904.0	14746.0	0.0	0.0
V350082740_L03_58-58_1	9881388.0	6702.0	22048.0	0.0	0.0
V350082740_L03_59-59_1	13990018.0	9070.0	31202.0	0.0	0.0
V350082740_L03_60-60_1	11900648.0	7634.0	27530.0	0.0	0.0
V350082740_L03_61-61_1	2547322.0	4732.0	5292.0	0.0	0.0
V350082740_L03_62-62_1	7360698.0	5226.0	16538.0	0.0	0.0
V350082740_L03_63-63_1	4046852.0	2874.0	9236.0	0.0	0.0
V350082740_L03_64-64_1	7186012.0	4342.0	16154.0	0.0	0.0
V350082740_L03_65-65_1	11493118.0	6840.0	26076.0	0.0	0.0
V350082740_L03_66-66_1	7588166.0	4588.0	17238.0	0.0	0.0
V350082740_L03_67-67_1	5648090.0	3140.0	12610.0	0.0	0.0
V350082740_L03_68-68_1	3720480.0	2488.0	8234.0	0.0	0.0
V350082740_L03_69-69_1	6598122.0	4338.0	14882.0	0.0	0.0
V350082740_L03_70-70_1	8076726.0	5650.0	18390.0	0.0	0.0
V350082740_L03_71-71_1	2755138.0	1750.0	6306.0	0.0	0.0
V350082740_L03_72-72_1	5522720.0	3698.0	12398.0	0.0	0.0
V350082740_L03_73-73_1	5920682.0	2406.0	12904.0	0.0	0.0
V350082740_L03_74-74_1	6866538.0	5928.0	15316.0	0.0	0.0
V350082740_L03_75-75_1	5643208.0	3198.0	12680.0	0.0	0.0
V350082740_L03_76-76_1	2488894.0	2234.0	5428.0	0.0	0.0
V350082740_L03_77-77_1	2777326.0	1722.0	6026.0	0.0	0.0
V350082740_L03_78-78_1	4348582.0	3726.0	9654.0	0.0	0.0
V350082740_L03_79-79_1	5224138.0	4328.0	11668.0	0.0	0.0
V350082740_L03_80-80_1	7113032.0	5664.0	16038.0	0.0	0.0
V350082740_L03_81-81_1	4341770.0	2108.0	9792.0	0.0	0.0
V350082740_L03_82-82_1	2221412.0	1382.0	5072.0	0.0	0.0
V350082740_L03_83-83_1	5275682.0	3246.0	11654.0	0.0	0.0
V350082740_L03_84-84_1	3767354.0	2138.0	8400.0	0.0	0.0
V350082740_L03_85-85_1	8143122.0	5288.0	18252.0	0.0	0.0
V350082740_L03_86-86_1	912212.0	582.0	2038.0	0.0	0.0
V350082740_L03_87-87_1	8651244.0	7078.0	18962.0	0.0	0.0
V350082740_L03_88-88_1	5858006.0	5316.0	12578.0	0.0	0.0
V350082740_L03_89-89_1	7610676.0	6030.0	17050.0	0.0	0.0
V350082740_L03_90-90_1	5980044.0	3648.0	13348.0	0.0	0.0
V350082740_L03_91-91_1	8906340.0	3536.0	20450.0	0.0	0.0
V350082740_L03_92-92_1	2557340.0	1158.0	5938.0	0.0	0.0
V350082740_L03_93-93_1	2885154.0	2428.0	6438.0	0.0	0.0
V350082740_L03_94-94_1	1283130.0	1126.0	2928.0	0.0	0.0
V350082740_L03_95-95_1	5666672.0	3424.0	12798.0	0.0	0.0
V350082740_L03_96-96_1	7884004.0	4934.0	17548.0	0.0	0.0
V350082740_L03_97-97_1	43843498.0	60738.0	98544.0	0.0	0.0
V350082740_L03_98-98_1	33915482.0	53602.0	75820.0	0.0	0.0
V350082740_L03_99-99_1	35507450.0	36852.0	79794.0	0.0	0.0
V350082740_L04_01-01_1	2100770.0	6312.0	4414.0	0.0	0.0
V350082740_L04_02-02_1	3064286.0	8330.0	6916.0	0.0	0.0
V350082740_L04_03-03_1	2405444.0	13248.0	3664.0	0.0	0.0
V350082740_L04_04-04_1	11491532.0	33670.0	25156.0	0.0	0.0
V350082740_L04_05-05_1	6083738.0	17486.0	13276.0	0.0	0.0
V350082740_L04_06-06_1	5191628.0	13696.0	10920.0	0.0	0.0
V350082740_L04_07-07_1	5923442.0	17578.0	12654.0	0.0	0.0
V350082740_L04_08-08_1	1845916.0	5996.0	4056.0	0.0	0.0
V350082740_L04_09-09_1	2350228.0	7382.0	5378.0	0.0	0.0
V350082740_L04_10-10_1	4740472.0	13112.0	9926.0	0.0	0.0
V350082740_L04_100-100_1	36683720.0	138174.0	80918.0	0.0	0.0
V350082740_L04_101-101_1	31904200.0	99046.0	71078.0	0.0	0.0
V350082740_L04_102-102_1	26621752.0	78924.0	49030.0	0.0	0.0
V350082740_L04_103-103_1	38702428.0	147284.0	85670.0	0.0	0.0
V350082740_L04_104-104_1	33718622.0	124830.0	74526.0	0.0	0.0
V350082740_L04_11-11_1	7391510.0	21030.0	16230.0	0.0	0.0
V350082740_L04_12-12_1	4813646.0	14430.0	10286.0	0.0	0.0
V350082740_L04_13-13_1	6926152.0	20478.0	14534.0	0.0	0.0
V350082740_L04_14-14_1	1393270.0	3782.0	3012.0	0.0	0.0
V350082740_L04_15-15_1	5773550.0	15886.0	12064.0	0.0	0.0
V350082740_L04_16-16_1	3426270.0	10300.0	7540.0	0.0	0.0
V350082740_L04_17-17_1	6677748.0	18608.0	13830.0	0.0	0.0
V350082740_L04_18-18_1	1586476.0	5114.0	3254.0	0.0	0.0
V350082740_L04_19-19_1	3904908.0	12352.0	8766.0	0.0	0.0
V350082740_L04_20-20_1	7003992.0	20998.0	14634.0	0.0	0.0
V350082740_L04_21-21_1	5356972.0	15794.0	11884.0	0.0	0.0
V350082740_L04_22-22_1	7798936.0	19844.0	14322.0	0.0	0.0
V350082740_L04_23-23_1	8058934.0	22428.0	17344.0	0.0	0.0
V350082740_L04_24-24_1	3287842.0	10302.0	6990.0	0.0	0.0
V350082740_L04_25-25_1	5310740.0	13536.0	10924.0	0.0	0.0
V350082740_L04_26-26_1	7396736.0	21726.0	16088.0	0.0	0.0
V350082740_L04_27-27_1	6458272.0	18164.0	13574.0	0.0	0.0
V350082740_L04_28-28_1	5787394.0	16392.0	12790.0	0.0	0.0
V350082740_L04_29-29_1	9787450.0	26778.0	20858.0	0.0	0.0
V350082740_L04_30-30_1	7447772.0	21176.0	16078.0	0.0	0.0
V350082740_L04_31-31_1	2657238.0	7552.0	5494.0	0.0	0.0
V350082740_L04_32-32_1	9362850.0	26648.0	20444.0	0.0	0.0
V350082740_L04_33-33_1	4259618.0	12096.0	9162.0	0.0	0.0
V350082740_L04_34-34_1	4933196.0	13548.0	10946.0	0.0	0.0
V350082740_L04_35-35_1	3139262.0	9506.0	6794.0	0.0	0.0
V350082740_L04_36-36_1	5262544.0	15004.0	11840.0	0.0	0.0
V350082740_L04_37-37_1	6207946.0	18400.0	13730.0	0.0	0.0
V350082740_L04_38-38_1	2699326.0	9456.0	5774.0	0.0	0.0
V350082740_L04_39-39_1	2781316.0	8584.0	5726.0	0.0	0.0
V350082740_L04_40-40_1	916428.0	2780.0	1702.0	0.0	0.0
V350082740_L04_41-41_1	2528494.0	8070.0	5510.0	0.0	0.0
V350082740_L04_42-42_1	3464138.0	10158.0	7138.0	0.0	0.0
V350082740_L04_43-43_1	2932668.0	10198.0	6186.0	0.0	0.0
V350082740_L04_44-44_1	4105884.0	13136.0	8926.0	0.0	0.0
V350082740_L04_45-45_1	2548868.0	9246.0	5426.0	0.0	0.0
V350082740_L04_46-46_1	1956684.0	5896.0	4264.0	0.0	0.0
V350082740_L04_47-47_1	938836.0	2670.0	1888.0	0.0	0.0
V350082740_L04_48-48_1	2118930.0	7162.0	4544.0	0.0	0.0
V350082740_L04_49-49_1	3251732.0	9388.0	7310.0	0.0	0.0
V350082740_L04_50-50_1	9791778.0	26732.0	21450.0	0.0	0.0
V350082740_L04_51-51_1	5071936.0	14142.0	11220.0	0.0	0.0
V350082740_L04_52-52_1	4892594.0	13232.0	8460.0	0.0	0.0
V350082740_L04_53-53_1	4995906.0	28262.0	8538.0	0.0	0.0
V350082740_L04_54-54_1	7572884.0	20396.0	16292.0	0.0	0.0
V350082740_L04_55-55_1	9418006.0	26954.0	20828.0	0.0	0.0
V350082740_L04_56-56_1	8610422.0	24098.0	11662.0	0.0	0.0
V350082740_L04_57-57_1	6193966.0	16266.0	12422.0	0.0	0.0
V350082740_L04_58-58_1	9415442.0	27212.0	20000.0	0.0	0.0
V350082740_L04_59-59_1	13277664.0	38352.0	28382.0	0.0	0.0
V350082740_L04_60-60_1	11234116.0	32000.0	24734.0	0.0	0.0
V350082740_L04_61-61_1	2144060.0	8656.0	3154.0	0.0	0.0
V350082740_L04_62-62_1	7000244.0	20320.0	15136.0	0.0	0.0
V350082740_L04_63-63_1	3808758.0	10800.0	8170.0	0.0	0.0
V350082740_L04_64-64_1	6753782.0	18582.0	14636.0	0.0	0.0
V350082740_L04_65-65_1	10903030.0	29784.0	24372.0	0.0	0.0
V350082740_L04_66-66_1	7193436.0	19850.0	15814.0	0.0	0.0
V350082740_L04_67-67_1	5336112.0	14724.0	11266.0	0.0	0.0
V350082740_L04_68-68_1	3299034.0	9272.0	6198.0	0.0	0.0
V350082740_L04_69-69_1	6242486.0	18080.0	13452.0	0.0	0.0
V350082740_L04_70-70_1	7680470.0	22740.0	16826.0	0.0	0.0
V350082740_L04_71-71_1	2565930.0	6946.0	4688.0	0.0	0.0
V350082740_L04_72-72_1	5233536.0	14886.0	11194.0	0.0	0.0
V350082740_L04_73-73_1	5281588.0	13318.0	9726.0	0.0	0.0
V350082740_L04_74-74_1	6329158.0	19362.0	11974.0	0.0	0.0
V350082740_L04_75-75_1	5320038.0	14766.0	11028.0	0.0	0.0
V350082740_L04_76-76_1	2216164.0	6728.0	3798.0	0.0	0.0
V350082740_L04_77-77_1	2559808.0	7090.0	4066.0	0.0	0.0
V350082740_L04_78-78_1	4112462.0	12428.0	9118.0	0.0	0.0
V350082740_L04_79-79_1	4923264.0	14702.0	10554.0	0.0	0.0
V350082740_L04_80-80_1	6769734.0	20158.0	14976.0	0.0	0.0
V350082740_L04_81-81_1	4095658.0	10820.0	8966.0	0.0	0.0
V350082740_L04_82-82_1	2094434.0	6134.0	4516.0	0.0	0.0
V350082740_L04_83-83_1	4972912.0	14066.0	10824.0	0.0	0.0
V350082740_L04_84-84_1	3531136.0	9518.0	7516.0	0.0	0.0
V350082740_L04_85-85_1	7755462.0	22278.0	16750.0	0.0	0.0
V350082740_L04_86-86_1	868916.0	2376.0	1892.0	0.0	0.0
V350082740_L04_87-87_1	8243026.0	24732.0	17822.0	0.0	0.0
V350082740_L04_88-88_1	5544594.0	17662.0	9962.0	0.0	0.0
V350082740_L04_89-89_1	7245192.0	21682.0	15948.0	0.0	0.0
V350082740_L04_90-90_1	5655724.0	16044.0	12146.0	0.0	0.0
V350082740_L04_91-91_1	8276370.0	21048.0	17040.0	0.0	0.0
V350082740_L04_92-92_1	2411074.0	6490.0	4488.0	0.0	0.0
V350082740_L04_93-93_1	2746540.0	8084.0	5880.0	0.0	0.0
V350082740_L04_94-94_1	1215984.0	3656.0	2622.0	0.0	0.0
V350082740_L04_95-95_1	5335426.0	15258.0	10640.0	0.0	0.0
V350082740_L04_96-96_1	7524678.0	21236.0	16508.0	0.0	0.0
V350082740_L04_97-97_1	42527504.0	151828.0	92916.0	0.0	0.0
V350082740_L04_98-98_1	32539416.0	121412.0	69572.0	0.0	0.0
V350082740_L04_99-99_1	33566052.0	105814.0	69506.0	0.0	0.0
