Sample	mapped_reads	trimmed_reads	reads_too_short_after_trimming	reads_outside_primer_region
V350082740_L01_01-01_ivar	2221440	176874	84962	1968994
V350082740_L01_02-02_ivar	3229772	264348	89933	2888916
V350082740_L01_03-03_ivar	939067	204091	349413	552407
V350082740_L01_04-04_ivar	11955807	990417	310241	10693579
V350082740_L01_05-05_ivar	6377800	512662	161075	5722805
V350082740_L01_06-06_ivar	5505869	455768	126834	4937459
V350082740_L01_07-07_ivar	6228086	492418	200882	5556754
V350082740_L01_08-08_ivar	1950520	157710	79816	1720969
V350082740_L01_09-09_ivar	2497835	202047	94125	2210232
V350082740_L01_10-10_ivar	5007099	398346	139708	4482621
V350082740_L01_100-100_ivar	32038	6414	16667	14415
V350082740_L01_101-101_ivar	28840	6240	15806	12213
V350082740_L01_102-102_ivar	16126	3272	7824	7601
V350082740_L01_103-103_ivar	40762	8278	21787	17803
V350082740_L01_104-104_ivar	37068	6688	19106	17012
V350082740_L01_11-11_ivar	7734765	607949	206236	6941619
V350082740_L01_12-12_ivar	5075841	366493	169943	4554074
V350082740_L01_13-13_ivar	7309623	607601	251624	6474485
V350082740_L01_14-14_ivar	1443286	139034	39264	1269683
V350082740_L01_15-15_ivar	6063011	481278	179291	5422958
V350082740_L01_16-16_ivar	3644120	302921	106399	3246484
V350082740_L01_17-17_ivar	6791210	567484	178109	6081070
V350082740_L01_18-18_ivar	1671436	134324	37944	1503950
V350082740_L01_19-19_ivar	4078208	333465	114452	3642860
V350082740_L01_20-20_ivar	6735792	599748	3	5981785
V350082740_L01_21-21_ivar	5663508	455396	172075	5053170
V350082740_L01_22-22_ivar	8324845	647129	203355	7495170
V350082740_L01_23-23_ivar	8439727	644703	237462	7584117
V350082740_L01_24-24_ivar	3475912	265344	129929	3093000
V350082740_L01_25-25_ivar	5584841	443425	117907	5037205
V350082740_L01_26-26_ivar	7752260	617422	241674	6917725
V350082740_L01_27-27_ivar	6810417	522391	180000	6127399
V350082740_L01_28-28_ivar	6089479	523473	180025	5405355
V350082740_L01_29-29_ivar	10292823	815793	286882	9216144
V350082740_L01_30-30_ivar	7797951	616985	248226	6958891
V350082740_L01_31-31_ivar	2807577	251395	86380	2478065
V350082740_L01_32-32_ivar	9893058	855177	271788	8795461
V350082740_L01_33-33_ivar	4559044	392568	140592	4040701
V350082740_L01_34-34_ivar	5182368	378871	151407	4668586
V350082740_L01_35-35_ivar	3318948	254108	129134	2947295
V350082740_L01_36-36_ivar	5476757	448662	156410	4890992
V350082740_L01_37-37_ivar	6499426	540945	188009	5791126
V350082740_L01_38-38_ivar	2868170	267310	101068	2509995
V350082740_L01_39-39_ivar	2938014	231527	112415	2604188
V350082740_L01_40-40_ivar	976263	80432	30050	868489
V350082740_L01_41-41_ivar	2650876	203541	96553	2360035
V350082740_L01_42-42_ivar	3653947	281044	125808	3258167
V350082740_L01_43-43_ivar	3100462	246108	136194	2730488
V350082740_L01_44-44_ivar	4317735	336412	165890	3830672
V350082740_L01_45-45_ivar	2691159	231901	90531	2377533
V350082740_L01_46-46_ivar	2081611	174532	75328	1838579
V350082740_L01_47-47_ivar	1002593	76390	37354	892126
V350082740_L01_48-48_ivar	2240200	172178	80963	1994604
V350082740_L01_49-49_ivar	3418155	278172	104127	3046512
V350082740_L01_50-50_ivar	10210155	828966	250132	9161385
V350082740_L01_51-51_ivar	5336941	435776	163352	4755502
V350082740_L01_52-52_ivar	5201409	428683	145745	4641464
V350082740_L01_53-53_ivar	4439676	655616	783916	3340165
V350082740_L01_54-54_ivar	7974485	601115	208108	7185257
V350082740_L01_55-55_ivar	9850024	814498	264404	8799850
V350082740_L01_56-56_ivar	7809281	677695	240456	6994577
V350082740_L01_57-57_ivar	6527655	524480	149483	5870437
V350082740_L01_58-58_ivar	9889077	818832	284511	8819608
V350082740_L01_59-59_ivar	13942618	1154950	376160	12457920
V350082740_L01_60-60_ivar	11864287	942214	293840	10661002
V350082740_L01_61-61_ivar	2000106	272495	361498	1511459
V350082740_L01_62-62_ivar	7345204	9	226333	6486037
V350082740_L01_63-63_ivar	4024717	342734	116215	3578539
V350082740_L01_64-64_ivar	7113763	627554	201197	6307088
V350082740_L01_65-65_ivar	11413173	937288	275691	10232657
V350082740_L01_66-66_ivar	7550330	646011	207849	6720794
V350082740_L01_67-67_ivar	5592908	567670	147988	4897431
V350082740_L01_68-68_ivar	2989022	240792	96077	2685994
V350082740_L01_69-69_ivar	6571972	517652	205281	5872172
V350082740_L01_70-70_ivar	8029412	720973	195553	7138422
V350082740_L01_71-71_ivar	2488318	245290	62410	2190448
V350082740_L01_72-72_ivar	5514038	479614	159050	4893007
V350082740_L01_73-73_ivar	5153495	399037	131615	4656658
V350082740_L01_74-74_ivar	6032336	499094	206742	5399377
V350082740_L01_75-75_ivar	5596881	479230	153356	4982450
V350082740_L01_76-76_ivar	2160748	264113	238790	1778256
V350082740_L01_77-77_ivar	2404146	262269	328067	1954394
V350082740_L01_78-78_ivar	4330828	379324	133762	3834191
V350082740_L01_79-79_ivar	5190750	475896	171682	4563711
V350082740_L01_80-80_ivar	7106959	613340	212556	6307070
V350082740_L01_81-81_ivar	4318510	372306	113958	3844185
V350082740_L01_82-82_ivar	2197863	197337	60969	1946088
V350082740_L01_83-83_ivar	5166453	453867	140515	4589001
V350082740_L01_84-84_ivar	3734929	330750	98650	3316191
V350082740_L01_85-85_ivar	8131634	643794	250816	7263704
V350082740_L01_86-86_ivar	918536	93317	23839	804131
V350082740_L01_87-87_ivar	8620457	715161	276061	7660589
V350082740_L01_88-88_ivar	4380560	449670	515018	3617670
V350082740_L01_89-89_ivar	7612133	632665	250544	6757137
V350082740_L01_90-90_ivar	5842048	495653	170862	5198079
V350082740_L01_91-91_ivar	8786704	717389	173305	7915775
V350082740_L01_92-92_ivar	2535871	253065	70000	2220642
V350082740_L01_93-93_ivar	2864201	235660	98492	2540354
V350082740_L01_94-94_ivar	1279486	123729	40872	1119546
V350082740_L01_95-95_ivar	5629514	459586	161723	5025773
V350082740_L01_96-96_ivar	7876890	656640	214937	7026840
V350082740_L01_97-97_ivar	35675	7113	18673	15854
V350082740_L01_98-98_ivar	28872	5939	15621	12426
V350082740_L01_99-99_ivar	22008	4728	11494	9820
V350082740_L02_01-01_ivar	2237251	177131	83052	1986075
V350082740_L02_02-02_ivar	3258832	266523	87117	2918238
V350082740_L02_03-03_ivar	951861	206157	355895	557797
V350082740_L02_04-04_ivar	12025964	995601	297530	10769743
V350082740_L02_05-05_ivar	6423445	514606	156662	5770283
V350082740_L02_06-06_ivar	5538254	458188	123641	4969935
V350082740_L02_07-07_ivar	6270756	498452	194895	5598601
V350082740_L02_08-08_ivar	1967183	159665	77810	1737453
V350082740_L02_09-09_ivar	2513212	203645	92626	2225188
V350082740_L02_10-10_ivar	5035935	401670	136451	4510987
V350082740_L02_100-100_ivar	28101	6013	16059	11438
V350082740_L02_101-101_ivar	24890	5324	14446	10008
V350082740_L02_102-102_ivar	12782	2371	6777	5704
V350082740_L02_103-103_ivar	35621	7754	20416	14542
V350082740_L02_104-104_ivar	33555	6854	18482	14488
V350082740_L02_11-11_ivar	7783000	612299	198988	6992174
V350082740_L02_12-12_ivar	5098281	368938	166465	4577229
V350082740_L02_13-13_ivar	7353438	610754	244536	6521559
V350082740_L02_14-14_ivar	1455479	139644	38396	1282164
V350082740_L02_15-15_ivar	6108751	484004	174950	5469456
V350082740_L02_16-16_ivar	3664362	304858	102936	3267908
V350082740_L02_17-17_ivar	6817109	571074	171630	6108553
V350082740_L02_18-18_ivar	1683736	8	36962	1516888
V350082740_L02_19-19_ivar	4106607	335348	112547	3670933
V350082740_L02_20-20_ivar	6784082	604903	198175	6028614
V350082740_L02_21-21_ivar	5688226	458910	165444	5080129
V350082740_L02_22-22_ivar	8417999	655787	203540	7579368
V350082740_L02_23-23_ivar	8490130	649589	228709	7637575
V350082740_L02_24-24_ivar	3497163	266878	126631	3115622
V350082740_L02_25-25_ivar	5631106	448939	117482	5078103
V350082740_L02_26-26_ivar	7797827	620686	232947	6967879
V350082740_L02_27-27_ivar	6854492	526059	174636	6172499
V350082740_L02_28-28_ivar	6132278	526658	174668	5449690
V350082740_L02_29-29_ivar	10344153	818656	277446	9272890
V350082740_L02_30-30_ivar	7854084	621986	240062	7017020
V350082740_L02_31-31_ivar	2824533	253334	84220	2495310
V350082740_L02_32-32_ivar	9958182	859481	260651	8866718
V350082740_L02_33-33_ivar	4602411	394807	3	4083784
V350082740_L02_34-34_ivar	5214518	382489	147577	4700620
V350082740_L02_35-35_ivar	3339467	255350	127096	2968346
V350082740_L02_36-36_ivar	5523409	452526	150960	4938643
V350082740_L02_37-37_ivar	6526960	542181	180409	5824333
V350082740_L02_38-38_ivar	2883790	267947	98315	2527278
V350082740_L02_39-39_ivar	2957229	233949	111134	2622149
V350082740_L02_40-40_ivar	984630	81291	29799	876267
V350082740_L02_41-41_ivar	2661792	203846	94999	2371946
V350082740_L02_42-42_ivar	3671699	282846	125797	3273921
V350082740_L02_43-43_ivar	3117028	248126	133554	2747247
V350082740_L02_44-44_ivar	4351624	337211	161577	3867474
V350082740_L02_45-45_ivar	2710924	234522	88773	2396108
V350082740_L02_46-46_ivar	2091752	174336	74042	1849940
V350082740_L02_47-47_ivar	1013236	76909	37474	902134
V350082740_L02_48-48_ivar	2254566	172511	79880	2009530
V350082740_L02_49-49_ivar	3441936	279718	102014	3070652
V350082740_L02_50-50_ivar	10243055	834230	240749	9196950
V350082740_L02_51-51_ivar	5372009	439697	158415	4791065
V350082740_L02_52-52_ivar	5240776	431576	143806	4679843
V350082740_L02_53-53_ivar	4477217	655351	783758	3374464
V350082740_L02_54-54_ivar	8034556	605322	203625	7244601
V350082740_L02_55-55_ivar	9909074	820897	254797	8860728
V350082740_L02_56-56_ivar	7899125	698021	290025	7034019
V350082740_L02_57-57_ivar	6581234	529069	147468	5921042
V350082740_L02_58-58_ivar	9946394	826088	272990	8879477
V350082740_L02_59-59_ivar	14033124	1167789	360326	12549247
V350082740_L02_60-60_ivar	11946819	947468	282887	10747872
V350082740_L02_61-61_ivar	2042087	278780	370979	1541676
V350082740_L02_62-62_ivar	7385508	665194	219233	6527662
V350082740_L02_63-63_ivar	4043040	343712	115020	3596847
V350082740_L02_64-64_ivar	7155986	631922	194155	6351221
V350082740_L02_65-65_ivar	11486486	943414	265906	10308105
V350082740_L02_66-66_ivar	7598854	648620	201890	6771845
V350082740_L02_67-67_ivar	5623668	569297	142218	4931637
V350082740_L02_68-68_ivar	3026537	242575	94349	90
V350082740_L02_69-69_ivar	6628365	520857	197255	5932454
V350082740_L02_70-70_ivar	8068263	724140	187672	89
V350082740_L02_71-71_ivar	2505881	247632	62865	2205667
V350082740_L02_72-72_ivar	5549613	483688	153303	4929544
V350082740_L02_73-73_ivar	5200926	400970	130354	4703366
V350082740_L02_74-74_ivar	6056009	502210	201840	5425294
V350082740_L02_75-75_ivar	5624833	480149	146435	5015499
V350082740_L02_76-76_ivar	2139149	244898	202144	1793046
V350082740_L02_77-77_ivar	2413510	263755	328720	1961265
V350082740_L02_78-78_ivar	4359662	381489	128967	3864806
V350082740_L02_79-79_ivar	5218854	477372	167447	4593883
V350082740_L02_80-80_ivar	7147227	618747	205281	6348042
V350082740_L02_81-81_ivar	4356475	374911	110779	3882331
V350082740_L02_82-82_ivar	2218084	199325	59986	1965131
V350082740_L02_83-83_ivar	5199160	456460	135790	4623092
V350082740_L02_84-84_ivar	3761688	333076	97645	3341169
V350082740_L02_85-85_ivar	8177861	647474	242669	7313184
V350082740_L02_86-86_ivar	920491	93500	23334	806319
V350082740_L02_87-87_ivar	8675727	720455	265000	7720424
V350082740_L02_88-88_ivar	4392272	450617	511276	3632119
V350082740_L02_89-89_ivar	7658598	636307	241954	6807349
V350082740_L02_90-90_ivar	5873609	498177	163592	5233552
V350082740_L02_91-91_ivar	8859136	722290	171626	7984405
V350082740_L02_92-92_ivar	2560897	255581	70143	2242893
V350082740_L02_93-93_ivar	2888682	237950	95989	2564713
V350082740_L02_94-94_ivar	1283345	124306	39641	1123921
V350082740_L02_95-95_ivar	5678570	462427	158268	5074804
V350082740_L02_96-96_ivar	7913936	657795	204928	7071721
V350082740_L02_97-97_ivar	30783	5911	16986	13115
V350082740_L02_98-98_ivar	25494	5108	14753	10336
V350082740_L02_99-99_ivar	18180	3905	10380	7449
V350082740_L03_01-01_ivar	2226238	177652	82514	1975074
V350082740_L03_02-02_ivar	3257909	267825	88305	2914969
V350082740_L03_03-03_ivar	1092163	235253	403629	645884
V350082740_L03_04-04_ivar	11987034	994115	293459	10736063
V350082740_L03_05-05_ivar	6403541	513552	154329	5753433
V350082740_L03_06-06_ivar	5547142	460985	126897	4973105
V350082740_L03_07-07_ivar	6218568	493679	190288	5555368
V350082740_L03_08-08_ivar	1959051	159591	77396	1729729
V350082740_L03_09-09_ivar	2507109	203000	92854	2219424
V350082740_L03_10-10_ivar	5005607	8	137844	4480694
V350082740_L03_100-100_ivar	26788	5305	13801	12105
V350082740_L03_101-101_ivar	23953	4914	12798	10399
V350082740_L03_102-102_ivar	14104	2665	6602	6907
V350082740_L03_103-103_ivar	31807	6122	16603	14236
V350082740_L03_104-104_ivar	29901	5548	15223	13787
V350082740_L03_11-11_ivar	7764609	611985	194632	6977856
V350082740_L03_12-12_ivar	5078907	369916	164903	4558224
V350082740_L03_13-13_ivar	7325241	609272	240723	6498248
V350082740_L03_14-14_ivar	1449023	140881	38457	1274206
V350082740_L03_15-15_ivar	6084593	483178	173082	5447514
V350082740_L03_16-16_ivar	3661945	304485	102715	3265907
V350082740_L03_17-17_ivar	6810263	570975	172077	6102791
V350082740_L03_18-18_ivar	1682217	135229	37452	1514338
V350082740_L03_19-19_ivar	4100505	335174	110378	3667061
V350082740_L03_20-20_ivar	6794017	609986	199871	6034777
V350082740_L03_21-21_ivar	5669168	456821	163653	5064831
V350082740_L03_22-22_ivar	8459990	660703	210152	7610407
V350082740_L03_23-23_ivar	8486711	650251	226320	7635472
V350082740_L03_24-24_ivar	3495965	266602	126834	3114499
V350082740_L03_25-25_ivar	5642971	8	120449	5084705
V350082740_L03_26-26_ivar	7784843	621180	229765	6957153
V350082740_L03_27-27_ivar	6845319	525133	173851	6164778
V350082740_L03_28-28_ivar	6120702	525798	173372	5439992
V350082740_L03_29-29_ivar	10275728	814727	274067	9211443
V350082740_L03_30-30_ivar	7827418	621988	235627	6994597
V350082740_L03_31-31_ivar	2822056	252853	85536	2491806
V350082740_L03_32-32_ivar	9935284	858298	259295	8845296
V350082740_L03_33-33_ivar	4602152	395867	3	4082395
V350082740_L03_34-34_ivar	5194008	381700	145919	4682177
V350082740_L03_35-35_ivar	3334302	255180	126335	2963759
V350082740_L03_36-36_ivar	5503794	451678	149055	4921745
V350082740_L03_37-37_ivar	6481854	540786	177284	5783232
V350082740_L03_38-38_ivar	2876302	266597	98298	2520978
V350082740_L03_39-39_ivar	2941827	232874	110034	2608744
V350082740_L03_40-40_ivar	985035	80796	30000	876929
V350082740_L03_41-41_ivar	2646859	203893	93952	2357644
V350082740_L03_42-42_ivar	3682659	284677	128682	3280202
V350082740_L03_43-43_ivar	3096500	245967	132403	2729892
V350082740_L03_44-44_ivar	4332486	337791	160249	3848637
V350082740_L03_45-45_ivar	2689799	232925	87585	2377627
V350082740_L03_46-46_ivar	2089692	174899	73709	1847594
V350082740_L03_47-47_ivar	1019043	77405	38142	906760
V350082740_L03_48-48_ivar	2232020	169709	77304	1991983
V350082740_L03_49-49_ivar	3435974	279971	100924	3065604
V350082740_L03_50-50_ivar	10218956	831862	240065	9175758
V350082740_L03_51-51_ivar	5360786	440395	157050	4780271
V350082740_L03_52-52_ivar	5261418	434657	147181	4693951
V350082740_L03_53-53_ivar	4656302	710649	860984	3465477
V350082740_L03_54-54_ivar	7987087	602909	202332	7200998
V350082740_L03_55-55_ivar	9856307	816967	249511	8816214
V350082740_L03_56-56_ivar	8183262	733674	362507	7245984
V350082740_L03_57-57_ivar	6604623	533256	150492	5937406
V350082740_L03_58-58_ivar	9875537	822819	265463	8818314
V350082740_L03_59-59_ivar	13968586	1161316	350738	12499623
V350082740_L03_60-60_ivar	11899663	943710	277905	10708494
V350082740_L03_61-61_ivar	2204357	310090	429867	1641063
V350082740_L03_62-62_ivar	7353328	662732	213905	6502285
V350082740_L03_63-63_ivar	4047544	344763	115341	3599912
V350082740_L03_64-64_ivar	7121285	628378	192709	6321180
V350082740_L03_65-65_ivar	11454522	943126	262166	10279900
V350082740_L03_66-66_ivar	7572786	649033	200589	6746341
V350082740_L03_67-67_ivar	5599909	569379	139916	4909899
V350082740_L03_68-68_ivar	3256837	289357	203140	2844463
V350082740_L03_69-69_ivar	6594501	518721	193842	5903464
V350082740_L03_70-70_ivar	8038562	724776	185451	7152814
V350082740_L03_71-71_ivar	2526271	250771	66187	2220996
V350082740_L03_72-72_ivar	5518962	480157	151796	4903384
V350082740_L03_73-73_ivar	5331007	405962	136751	4827643
V350082740_L03_74-74_ivar	6120560	507842	203989	5486564
V350082740_L03_75-75_ivar	5625094	480137	146744	5015637
V350082740_L03_76-76_ivar	2314974	299962	298283	1867334
V350082740_L03_77-77_ivar	2502024	276264	356175	2021993
V350082740_L03_78-78_ivar	4351612	380009	128396	3858538
V350082740_L03_79-79_ivar	5208144	477415	166752	4583527
V350082740_L03_80-80_ivar	7118907	616772	203140	6323543
V350082740_L03_81-81_ivar	4339901	373384	110393	3867315
V350082740_L03_82-82_ivar	2219055	198413	60190	1966739
V350082740_L03_83-83_ivar	5180412	454736	134322	4607600
V350082740_L03_84-84_ivar	3770094	335198	100659	3344730
V350082740_L03_85-85_ivar	8127315	643849	237037	7271307
V350082740_L03_86-86_ivar	913384	92807	23199	800066
V350082740_L03_87-87_ivar	8611408	716446	260093	89
V350082740_L03_88-88_ivar	4490912	464341	545473	3695999
V350082740_L03_89-89_ivar	7608072	632569	234986	6766433
V350082740_L03_90-90_ivar	5855053	496126	161217	5219462
V350082740_L03_91-91_ivar	8910448	727277	2	8024591
V350082740_L03_92-92_ivar	2554467	10	70942	2236004
V350082740_L03_93-93_ivar	2871536	237367	93898	2550002
V350082740_L03_94-94_ivar	1281020	124135	39898	1121346
V350082740_L03_95-95_ivar	5666866	462843	157507	5063551
V350082740_L03_96-96_ivar	7875275	655529	205489	7034370
V350082740_L03_97-97_ivar	29219	5411	14863	13299
V350082740_L03_98-98_ivar	23510	4471	12205	10542
V350082740_L03_99-99_ivar	19119	3974	9894	8551
V350082740_L04_01-01_ivar	2104326	168146	79434	1865649
V350082740_L04_02-02_ivar	3075096	255345	86419	2746366
V350082740_L04_03-03_ivar	862499	192784	326091	501907
V350082740_L04_04-04_ivar	11406935	952464	296876	10194662
V350082740_L04_05-05_ivar	6075939	492055	154684	5447338
V350082740_L04_06-06_ivar	5186899	433107	119719	4647403
V350082740_L04_07-07_ivar	5918662	470571	188828	5280261
V350082740_L04_08-08_ivar	1843649	150358	75201	1625692
V350082740_L04_09-09_ivar	2347127	193171	88746	2073243
V350082740_L04_10-10_ivar	4734922	380282	129665	4238035
V350082740_L04_100-100_ivar	31661	6621	16527	14042
V350082740_L04_101-101_ivar	28895	6745	16340	11729
V350082740_L04_102-102_ivar	16104	3028	7423	7914
V350082740_L04_103-103_ivar	41176	9843	22977	17012
V350082740_L04_104-104_ivar	37797	7622	19894	16867
V350082740_L04_11-11_ivar	7380196	582989	198778	6619216
V350082740_L04_12-12_ivar	4805112	349751	160947	4308625
V350082740_L04_13-13_ivar	6918672	582306	238238	6121419
V350082740_L04_14-14_ivar	1380499	133719	37362	1213960
V350082740_L04_15-15_ivar	5771121	461071	169466	5159943
V350082740_L04_16-16_ivar	3422865	288503	3	3043065
V350082740_L04_17-17_ivar	6465694	544906	170842	5784026
V350082740_L04_18-18_ivar	1581121	127212	35876	1422549
V350082740_L04_19-19_ivar	3901635	320481	111501	3482170
V350082740_L04_20-20_ivar	6405477	9	196114	5679171
V350082740_L04_21-21_ivar	5346522	435413	163721	4764007
V350082740_L04_22-22_ivar	7794562	609523	189144	7015599
V350082740_L04_23-23_ivar	8044747	618121	230634	7222179
V350082740_L04_24-24_ivar	3291866	254442	123209	2926088
V350082740_L04_25-25_ivar	5298757	424988	110871	4775796
V350082740_L04_26-26_ivar	7379695	8	231805	6580799
V350082740_L04_27-27_ivar	6451509	500405	170232	5799299
V350082740_L04_28-28_ivar	5778636	500541	172349	5124389
V350082740_L04_29-29_ivar	9775058	777226	267870	8754689
V350082740_L04_30-30_ivar	7441976	592642	236731	6637514
V350082740_L04_31-31_ivar	2654243	241096	79214	2341813
V350082740_L04_32-32_ivar	9350982	816186	257334	8305721
V350082740_L04_33-33_ivar	4254922	370133	132888	3765940
V350082740_L04_34-34_ivar	4934330	362586	142243	4445136
V350082740_L04_35-35_ivar	3133171	243057	121703	2779482
V350082740_L04_36-36_ivar	5243712	433667	153086	4675886
V350082740_L04_37-37_ivar	6195633	519653	180202	5515688
V350082740_L04_38-38_ivar	2698760	254412	94252	2359715
V350082740_L04_39-39_ivar	2775886	222391	104501	2458710
V350082740_L04_40-40_ivar	915063	76152	27826	813608
V350082740_L04_41-41_ivar	2524549	194744	90709	2247940
V350082740_L04_42-42_ivar	3461133	268697	116184	3086821
V350082740_L04_43-43_ivar	2927224	233321	126984	2578500
V350082740_L04_44-44_ivar	4101047	323002	155352	3637069
V350082740_L04_45-45_ivar	2544363	221377	83961	2247295
V350082740_L04_46-46_ivar	1953261	166131	71528	1722130
V350082740_L04_47-47_ivar	937941	72505	34087	834406
V350082740_L04_48-48_ivar	2114703	163546	75103	1883105
V350082740_L04_49-49_ivar	3247976	266364	99673	2892524
V350082740_L04_50-50_ivar	9733148	797227	243295	8722164
V350082740_L04_51-51_ivar	5065638	415178	156262	4511137
V350082740_L04_52-52_ivar	4890910	407749	135829	4361047
V350082740_L04_53-53_ivar	4159226	622704	736991	3124303
V350082740_L04_54-54_ivar	7568774	573130	195787	6818571
V350082740_L04_55-55_ivar	9401673	785454	251827	8392123
V350082740_L04_56-56_ivar	7318792	639170	223901	6551485
V350082740_L04_57-57_ivar	6195600	500811	141414	5569348
V350082740_L04_58-58_ivar	9406637	785655	267937	8385235
V350082740_L04_59-59_ivar	13250875	1105245	361267	11829234
V350082740_L04_60-60_ivar	11229418	899983	284005	10077078
V350082740_L04_61-61_ivar	1854416	256661	333304	1400873
V350082740_L04_62-62_ivar	6990065	631419	218268	6167233
V350082740_L04_63-63_ivar	3808314	325710	110094	3384751
V350082740_L04_64-64_ivar	6691036	594978	191775	5925391
V350082740_L04_65-65_ivar	10863403	902605	268204	9723832
V350082740_L04_66-66_ivar	7176937	616806	197112	6386543
V350082740_L04_67-67_ivar	5291399	543255	141722	4626225
V350082740_L04_68-68_ivar	2806477	229913	90419	2517785
V350082740_L04_69-69_ivar	6236052	494419	196597	5567464
V350082740_L04_70-70_ivar	7640783	691911	188136	6785466
V350082740_L04_71-71_ivar	2371554	235427	57722	2087758
V350082740_L04_72-72_ivar	5227361	458346	151883	4633905
V350082740_L04_73-73_ivar	4826782	379944	125158	4353659
V350082740_L04_74-74_ivar	5692795	475413	197863	5089463
V350082740_L04_75-75_ivar	5303275	458382	143550	4718282
V350082740_L04_76-76_ivar	1991542	232165	186686	1668264
V350082740_L04_77-77_ivar	2299509	256261	317989	1862970
V350082740_L04_78-78_ivar	4112889	362248	126438	3639549
V350082740_L04_79-79_ivar	4908929	452097	163444	4313194
V350082740_L04_80-80_ivar	6771392	588742	206034	6002112
V350082740_L04_81-81_ivar	4092809	356332	107481	3640488
V350082740_L04_82-82_ivar	2091351	190279	58587	1848620
V350082740_L04_83-83_ivar	4883296	431632	132910	4334676
V350082740_L04_84-84_ivar	3533275	315355	94508	3133678
V350082740_L04_85-85_ivar	7737066	614823	237478	6910115
V350082740_L04_86-86_ivar	869771	89200	22347	760872
V350082740_L04_87-87_ivar	8203268	684697	260349	7288301
V350082740_L04_88-88_ivar	4214486	441284	506657	3468197
V350082740_L04_89-89_ivar	7239385	606729	237854	6421978
V350082740_L04_90-90_ivar	5539651	473243	161285	4926740
V350082740_L04_91-91_ivar	8279657	685716	167355	7445662
V350082740_L04_92-92_ivar	2407536	240472	66048	2108607
V350082740_L04_93-93_ivar	2732827	227260	93308	2422047
V350082740_L04_94-94_ivar	1213671	117851	38510	1061808
V350082740_L04_95-95_ivar	5333409	437139	154329	4758814
V350082740_L04_96-96_ivar	7514204	630622	207716	6696769
V350082740_L04_97-97_ivar	36885	8087	19768	15910
V350082740_L04_98-98_ivar	28978	6121	15683	12441
V350082740_L04_99-99_ivar	21237	4701	11293	9272
