Sample	total_passed	total_failed	secondary_passed	secondary_failed	supplementary_passed	supplementary_failed	duplicates_passed	duplicates_failed	mapped_passed	mapped_failed	mapped_passed_pct	mapped_failed_pct	paired in sequencing_passed	paired in sequencing_failed	read1_passed	read1_failed	read2_passed	read2_failed	properly paired_passed	properly paired_failed	properly paired_passed_pct	properly paired_failed_pct	with itself and mate mapped_passed	with itself and mate mapped_failed	singletons_passed	singletons_failed	singletons_passed_pct	singletons_failed_pct	with mate mapped to a different chr_passed	with mate mapped to a different chr_failed	with mate mapped to a different chr (mapQ >= 5)_passed	with mate mapped to a different chr (mapQ >= 5)_failed	flagstat_total
V350082740_L01_01-01	2136478	0	0	0	7603	0	0	0	2136478	0	100.0	nan	2128875	0	1072028	0	1056847	0	1934680	0	90.88	nan	2127170	0	1705	0	0.08	nan	0	0	0	0	2136478
V350082740_L01_02-02	3139839	0	0	0	13610	0	0	0	3139839	0	100.0	nan	3126229	0	1569698	0	1556531	0	2932531	0	93.8	nan	3124140	0	2089	0	0.07	nan	0	0	0	0	3139839
V350082740_L01_03-03	589654	0	0	0	9664	0	0	0	589654	0	100.0	nan	579990	0	300178	0	279812	0	534054	0	92.08	nan	567865	0	12125	0	2.09	nan	0	0	0	0	589654
V350082740_L01_04-04	11645566	0	0	0	18189	0	0	0	11645566	0	100.0	nan	11627377	0	5835417	0	5791960	0	11142181	0	95.83	nan	11619814	0	7563	0	0.07	nan	0	0	0	0	11645566
V350082740_L01_05-05	6216725	0	0	0	10386	0	0	0	6216725	0	100.0	nan	6206339	0	3113519	0	3092820	0	5909766	0	95.22	nan	6201854	0	4485	0	0.07	nan	0	0	0	0	6216725
V350082740_L01_06-06	5379035	0	0	0	5692	0	0	0	5379035	0	100.0	nan	5373343	0	2685790	0	2687553	0	5099925	0	94.91	nan	5369612	0	3731	0	0.07	nan	0	0	0	0	5379035
V350082740_L01_07-07	6027204	0	0	0	8403	0	0	0	6027204	0	100.0	nan	6018801	0	3028054	0	2990747	0	5650638	0	93.88	nan	6014823	0	3978	0	0.07	nan	0	0	0	0	6027204
V350082740_L01_08-08	1870704	0	0	0	1652	0	0	0	1870704	0	100.0	nan	1869052	0	947292	0	921760	0	1666832	0	89.18	nan	1867645	0	1407	0	0.08	nan	0	0	0	0	1870704
V350082740_L01_09-09	2403710	0	0	0	1994	0	0	0	2403710	0	100.0	nan	2401716	0	1216333	0	1185383	0	2117396	0	88.16	nan	2399997	0	1719	0	0.07	nan	0	0	0	0	2403710
V350082740_L01_10-10	4867391	0	0	0	2975	0	0	0	4867391	0	100.0	nan	4864416	0	2446300	0	2418116	0	4490868	0	92.32	nan	4861041	0	3375	0	0.07	nan	0	0	0	0	4867391
V350082740_L01_100-100	15371	0	0	0	85	0	0	0	15371	0	100.0	nan	15286	0	10183	0	5103	0	9846	0	64.41	nan	10729	0	4557	0	29.81	nan	0	0	0	0	15371
V350082740_L01_101-101	13034	0	0	0	86	0	0	0	13034	0	100.0	nan	12948	0	8924	0	4024	0	8202	0	63.35	nan	8879	0	4069	0	31.43	nan	0	0	0	0	13034
V350082740_L01_102-102	8302	0	0	0	72	0	0	0	8302	0	100.0	nan	8230	0	6230	0	2000	0	4126	0	50.13	nan	4600	0	3630	0	44.11	nan	0	0	0	0	8302
V350082740_L01_103-103	18975	0	0	0	82	0	0	0	18975	0	100.0	nan	18893	0	12602	0	6291	0	12816	0	67.83	nan	13865	0	5028	0	26.61	nan	0	0	0	0	18975
V350082740_L01_104-104	17962	0	0	0	67	0	0	0	17962	0	100.0	nan	17895	0	11550	0	6345	0	12781	0	71.42	nan	13747	0	4148	0	23.18	nan	0	0	0	0	17962
V350082740_L01_11-11	7528529	0	0	0	4619	0	0	0	7528529	0	100.0	nan	7523910	0	3784207	0	3739703	0	7102506	0	94.4	nan	7519458	0	4452	0	0.06	nan	0	0	0	0	7528529
V350082740_L01_12-12	4905898	0	0	0	3288	0	0	0	4905898	0	100.0	nan	4902610	0	2482255	0	2420355	0	4567518	0	93.17	nan	4898747	0	3863	0	0.08	nan	0	0	0	0	4905898
V350082740_L01_13-13	7057999	0	0	0	6693	0	0	0	7057999	0	100.0	nan	7051306	0	3566783	0	3484523	0	6544326	0	92.81	nan	7046895	0	4411	0	0.06	nan	0	0	0	0	7057999
V350082740_L01_14-14	1404022	0	0	0	2063	0	0	0	1404022	0	100.0	nan	1401959	0	705146	0	696813	0	1284560	0	91.63	nan	1400856	0	1103	0	0.08	nan	0	0	0	0	1404022
V350082740_L01_15-15	5883720	0	0	0	10005	0	0	0	5883720	0	100.0	nan	5873715	0	2953379	0	2920336	0	5552508	0	94.53	nan	5870112	0	3603	0	0.06	nan	0	0	0	0	5883720
V350082740_L01_16-16	3537721	0	0	0	4666	0	0	0	3537721	0	100.0	nan	3533055	0	1776181	0	1756874	0	3263977	0	92.38	nan	3529950	0	3105	0	0.09	nan	0	0	0	0	3537721
V350082740_L01_17-17	6613101	0	0	0	11697	0	0	0	6613101	0	100.0	nan	6601404	0	3310569	0	3290835	0	6031847	0	91.37	nan	6584056	0	17348	0	0.26	nan	0	0	0	0	6613101
V350082740_L01_18-18	1633492	0	0	0	4962	0	0	0	1633492	0	100.0	nan	1628530	0	816503	0	812027	0	1541358	0	94.65	nan	1626463	0	2067	0	0.13	nan	0	0	0	0	1633492
V350082740_L01_19-19	3963756	0	0	0	7608	0	0	0	3963756	0	100.0	nan	3956148	0	1990043	0	1966105	0	3704247	0	93.63	nan	3952123	0	4025	0	0.1	nan	0	0	0	0	3963756
V350082740_L01_20-20	6533901	0	0	0	7425	0	0	0	6533901	0	100.0	nan	6526476	0	3280345	0	3246131	0	5984389	0	91.69	nan	6509320	0	17156	0	0.26	nan	0	0	0	0	6533901
V350082740_L01_21-21	5491433	0	0	0	3295	0	0	0	5491433	0	100.0	nan	5488138	0	2757717	0	2730421	0	5069358	0	92.37	nan	5484574	0	3564	0	0.06	nan	0	0	0	0	5491433
V350082740_L01_22-22	8121490	0	0	0	4827	0	0	0	8121490	0	100.0	nan	8116663	0	4070255	0	4046408	0	7744334	0	95.41	nan	8112895	0	3768	0	0.05	nan	0	0	0	0	8121490
V350082740_L01_23-23	8202265	0	0	0	12791	0	0	0	8202265	0	100.0	nan	8189474	0	4109696	0	4079778	0	7800190	0	95.25	nan	8184431	0	5043	0	0.06	nan	0	0	0	0	8202265
V350082740_L01_24-24	3345983	0	0	0	9683	0	0	0	3345983	0	100.0	nan	3336300	0	1690512	0	1645788	0	3000765	0	89.94	nan	3334033	0	2267	0	0.07	nan	0	0	0	0	3345983
V350082740_L01_25-25	5466934	0	0	0	7014	0	0	0	5466934	0	100.0	nan	5459920	0	2734936	0	2724984	0	5175905	0	94.8	nan	5456849	0	3071	0	0.06	nan	0	0	0	0	5466934
V350082740_L01_26-26	7510586	0	0	0	4724	0	0	0	7510586	0	100.0	nan	7505862	0	3770745	0	3735117	0	7131611	0	95.01	nan	7501406	0	4456	0	0.06	nan	0	0	0	0	7510586
V350082740_L01_27-27	6630417	0	0	0	7216	0	0	0	6630417	0	100.0	nan	6623201	0	3323640	0	3299561	0	6227108	0	94.02	nan	6618214	0	4987	0	0.08	nan	0	0	0	0	6630417
V350082740_L01_28-28	5909454	0	0	0	5072	0	0	0	5909454	0	100.0	nan	5904382	0	2974614	0	2929768	0	5468658	0	92.62	nan	5900563	0	3819	0	0.06	nan	0	0	0	0	5909454
V350082740_L01_29-29	10005941	0	0	0	5124	0	0	0	10005941	0	100.0	nan	10000817	0	5025934	0	4974883	0	9481537	0	94.81	nan	9994579	0	6238	0	0.06	nan	0	0	0	0	10005941
V350082740_L01_30-30	7549725	0	0	0	8361	0	0	0	7549725	0	100.0	nan	7541364	0	3799435	0	3741929	0	7131256	0	94.56	nan	7536903	0	4461	0	0.06	nan	0	0	0	0	7549725
V350082740_L01_31-31	2721197	0	0	0	1731	0	0	0	2721197	0	100.0	nan	2719466	0	1372596	0	1346870	0	2451557	0	90.15	nan	2717525	0	1941	0	0.07	nan	0	0	0	0	2721197
V350082740_L01_32-32	9621270	0	0	0	9270	0	0	0	9621270	0	100.0	nan	9612000	0	4832266	0	4779734	0	8999608	0	93.63	nan	9606093	0	5907	0	0.06	nan	0	0	0	0	9621270
V350082740_L01_33-33	4418452	0	0	0	4383	0	0	0	4418452	0	100.0	nan	4414069	0	2218463	0	2195606	0	4030736	0	91.32	nan	4410903	0	3166	0	0.07	nan	0	0	0	0	4418452
V350082740_L01_34-34	5030961	0	0	0	10838	0	0	0	5030961	0	100.0	nan	5020123	0	2518293	0	2501830	0	4704769	0	93.72	nan	5016800	0	3323	0	0.07	nan	0	0	0	0	5030961
V350082740_L01_35-35	3189814	0	0	0	1145	0	0	0	3189814	0	100.0	nan	3188669	0	1613150	0	1575519	0	2763358	0	86.66	nan	3186317	0	2352	0	0.07	nan	0	0	0	0	3189814
V350082740_L01_36-36	5320347	0	0	0	4821	0	0	0	5320347	0	100.0	nan	5315526	0	2666117	0	2649409	0	5055302	0	95.1	nan	5311936	0	3590	0	0.07	nan	0	0	0	0	5320347
V350082740_L01_37-37	6311417	0	0	0	6624	0	0	0	6311417	0	100.0	nan	6304793	0	3165309	0	3139484	0	5967884	0	94.66	nan	6300936	0	3857	0	0.06	nan	0	0	0	0	6311417
V350082740_L01_38-38	2767102	0	0	0	5698	0	0	0	2767102	0	100.0	nan	2761404	0	1402309	0	1359095	0	2535273	0	91.81	nan	2757884	0	3520	0	0.13	nan	0	0	0	0	2767102
V350082740_L01_39-39	2825599	0	0	0	1371	0	0	0	2825599	0	100.0	nan	2824228	0	1427729	0	1396499	0	2489839	0	88.16	nan	2821772	0	2456	0	0.09	nan	0	0	0	0	2825599
V350082740_L01_40-40	946213	0	0	0	676	0	0	0	946213	0	100.0	nan	945537	0	477513	0	468024	0	849167	0	89.81	nan	944643	0	894	0	0.09	nan	0	0	0	0	946213
V350082740_L01_41-41	2554323	0	0	0	1518	0	0	0	2554323	0	100.0	nan	2552805	0	1293006	0	1259799	0	2210673	0	86.6	nan	2550813	0	1992	0	0.08	nan	0	0	0	0	2554323
V350082740_L01_42-42	3528139	0	0	0	1391	0	0	0	3528139	0	100.0	nan	3526748	0	1784322	0	1742426	0	2979810	0	84.49	nan	3524345	0	2403	0	0.07	nan	0	0	0	0	3528139
V350082740_L01_43-43	2964268	0	0	0	1806	0	0	0	2964268	0	100.0	nan	2962462	0	1507332	0	1455130	0	2509689	0	84.72	nan	2959962	0	2500	0	0.08	nan	0	0	0	0	2964268
V350082740_L01_44-44	4151845	0	0	0	3480	0	0	0	4151845	0	100.0	nan	4148365	0	2097661	0	2050704	0	3724870	0	89.79	nan	4145508	0	2857	0	0.07	nan	0	0	0	0	4151845
V350082740_L01_45-45	2600628	0	0	0	4405	0	0	0	2600628	0	100.0	nan	2596223	0	1310605	0	1285618	0	2322057	0	89.44	nan	2592608	0	3615	0	0.14	nan	0	0	0	0	2600628
V350082740_L01_46-46	2006283	0	0	0	1112	0	0	0	2006283	0	100.0	nan	2005171	0	1015809	0	989362	0	1758927	0	87.72	nan	2003739	0	1432	0	0.07	nan	0	0	0	0	2006283
V350082740_L01_47-47	965239	0	0	0	402	0	0	0	965239	0	100.0	nan	964837	0	488756	0	476081	0	828622	0	85.88	nan	964166	0	671	0	0.07	nan	0	0	0	0	965239
V350082740_L01_48-48	2159237	0	0	0	1020	0	0	0	2159237	0	100.0	nan	2158217	0	1094006	0	1064211	0	1937350	0	89.77	nan	2156436	0	1781	0	0.08	nan	0	0	0	0	2159237
V350082740_L01_49-49	3314028	0	0	0	3292	0	0	0	3314028	0	100.0	nan	3310736	0	1665403	0	1645333	0	3077244	0	92.95	nan	3308860	0	1876	0	0.06	nan	0	0	0	0	3314028
V350082740_L01_50-50	9960023	0	0	0	11295	0	0	0	9960023	0	100.0	nan	9948728	0	4987425	0	4961303	0	9395932	0	94.44	nan	9940798	0	7930	0	0.08	nan	0	0	0	0	9960023
V350082740_L01_51-51	5173589	0	0	0	3989	0	0	0	5173589	0	100.0	nan	5169600	0	2603303	0	2566297	0	4860037	0	94.01	nan	5165970	0	3630	0	0.07	nan	0	0	0	0	5173589
V350082740_L01_52-52	5055664	0	0	0	4237	0	0	0	5055664	0	100.0	nan	5051427	0	2538610	0	2512817	0	4688554	0	92.82	nan	5048719	0	2708	0	0.05	nan	0	0	0	0	5055664
V350082740_L01_53-53	3655760	0	0	0	21566	0	0	0	3655760	0	100.0	nan	3634194	0	1836471	0	1797723	0	3611919	0	99.39	nan	3620022	0	14172	0	0.39	nan	0	0	0	0	3655760
V350082740_L01_54-54	7766377	0	0	0	7378	0	0	0	7766377	0	100.0	nan	7758999	0	3901016	0	3857983	0	7392866	0	95.28	nan	7755061	0	3938	0	0.05	nan	0	0	0	0	7766377
V350082740_L01_55-55	9585620	0	0	0	6329	0	0	0	9585620	0	100.0	nan	9579291	0	4813358	0	4765933	0	9015373	0	94.11	nan	9572836	0	6455	0	0.07	nan	0	0	0	0	9585620
V350082740_L01_56-56	7568825	0	0	0	15798	0	0	0	7568825	0	100.0	nan	7553027	0	3787094	0	3765933	0	6353282	0	84.12	nan	7496254	0	56773	0	0.75	nan	0	0	0	0	7568825
V350082740_L01_57-57	6378172	0	0	0	8404	0	0	0	6378172	0	100.0	nan	6369768	0	3196539	0	3173229	0	5959940	0	93.57	nan	6366823	0	2945	0	0.05	nan	0	0	0	0	6378172
V350082740_L01_58-58	9604566	0	0	0	15234	0	0	0	9604566	0	100.0	nan	9589332	0	4815521	0	4773811	0	9080843	0	94.7	nan	9583164	0	6168	0	0.06	nan	0	0	0	0	9604566
V350082740_L01_59-59	13566458	0	0	0	21270	0	0	0	13566458	0	100.0	nan	13545188	0	6784257	0	6760931	0	12997489	0	95.96	nan	13537302	0	7886	0	0.06	nan	0	0	0	0	13566458
V350082740_L01_60-60	11570447	0	0	0	22701	0	0	0	11570447	0	100.0	nan	11547746	0	5784092	0	5763654	0	11067882	0	95.84	nan	11539116	0	8630	0	0.07	nan	0	0	0	0	11570447
V350082740_L01_61-61	1638608	0	0	0	6147	0	0	0	1638608	0	100.0	nan	1632461	0	828512	0	803949	0	1625330	0	99.56	nan	1627552	0	4909	0	0.3	nan	0	0	0	0	1638608
V350082740_L01_62-62	7118871	0	0	0	13492	0	0	0	7118871	0	100.0	nan	7105379	0	3567157	0	3538222	0	6774239	0	95.34	nan	7101021	0	4358	0	0.06	nan	0	0	0	0	7118871
V350082740_L01_63-63	3908502	0	0	0	6155	0	0	0	3908502	0	100.0	nan	3902347	0	1962817	0	1939530	0	3592627	0	92.06	nan	3899284	0	3063	0	0.08	nan	0	0	0	0	3908502
V350082740_L01_64-64	6912566	0	0	0	4295	0	0	0	6912566	0	100.0	nan	6908271	0	3470777	0	3437494	0	6585572	0	95.33	nan	6903761	0	4510	0	0.07	nan	0	0	0	0	6912566
V350082740_L01_65-65	11137482	0	0	0	5496	0	0	0	11137482	0	100.0	nan	11131986	0	5578577	0	5553409	0	10615447	0	95.36	nan	11125311	0	6675	0	0.06	nan	0	0	0	0	11137482
V350082740_L01_66-66	7342481	0	0	0	8184	0	0	0	7342481	0	100.0	nan	7334297	0	3690494	0	3643803	0	6928931	0	94.47	nan	7329808	0	4489	0	0.06	nan	0	0	0	0	7342481
V350082740_L01_67-67	5444920	0	0	0	7225	0	0	0	5444920	0	100.0	nan	5437695	0	2724871	0	2712824	0	5184886	0	95.35	nan	5433552	0	4143	0	0.08	nan	0	0	0	0	5444920
V350082740_L01_68-68	2892945	0	0	0	5513	0	0	0	2892945	0	100.0	nan	2887432	0	1451439	0	1435993	0	2350358	0	81.4	nan	2869374	0	18058	0	0.63	nan	0	0	0	0	2892945
V350082740_L01_69-69	6366691	0	0	0	7793	0	0	0	6366691	0	100.0	nan	6358898	0	3187341	0	3171557	0	6023461	0	94.72	nan	6355031	0	3867	0	0.06	nan	0	0	0	0	6366691
V350082740_L01_70-70	7833859	0	0	0	10876	0	0	0	7833859	0	100.0	nan	7822983	0	3917373	0	3905610	0	7408316	0	94.7	nan	7814937	0	8046	0	0.1	nan	0	0	0	0	7833859
V350082740_L01_71-71	2425908	0	0	0	3039	0	0	0	2425908	0	100.0	nan	2422869	0	1217749	0	1205120	0	2206422	0	91.07	nan	2419814	0	3055	0	0.13	nan	0	0	0	0	2425908
V350082740_L01_72-72	5354988	0	0	0	6015	0	0	0	5354988	0	100.0	nan	5348973	0	2687980	0	2660993	0	4968926	0	92.89	nan	5345182	0	3791	0	0.07	nan	0	0	0	0	5354988
V350082740_L01_73-73	5021880	0	0	0	8064	0	0	0	5021880	0	100.0	nan	5013816	0	2510190	0	2503626	0	4348479	0	86.73	nan	4993589	0	20227	0	0.4	nan	0	0	0	0	5021880
V350082740_L01_74-74	5825594	0	0	0	25101	0	0	0	5825594	0	100.0	nan	5800493	0	2919265	0	2881228	0	4896501	0	84.42	nan	5768218	0	32275	0	0.56	nan	0	0	0	0	5825594
V350082740_L01_75-75	5443525	0	0	0	5088	0	0	0	5443525	0	100.0	nan	5438437	0	2723632	0	2714805	0	5128705	0	94.3	nan	5434732	0	3705	0	0.07	nan	0	0	0	0	5443525
V350082740_L01_76-76	1921958	0	0	0	7377	0	0	0	1921958	0	100.0	nan	1914581	0	962743	0	951838	0	1818489	0	94.98	nan	1912555	0	2026	0	0.11	nan	0	0	0	0	1921958
V350082740_L01_77-77	2076079	0	0	0	3229	0	0	0	2076079	0	100.0	nan	2072850	0	1044123	0	1028727	0	2069311	0	99.83	nan	2071323	0	1527	0	0.07	nan	0	0	0	0	2076079
V350082740_L01_78-78	4197066	0	0	0	10311	0	0	0	4197066	0	100.0	nan	4186755	0	2103261	0	2083494	0	3882354	0	92.73	nan	4183839	0	2916	0	0.07	nan	0	0	0	0	4197066
V350082740_L01_79-79	5019068	0	0	0	5918	0	0	0	5019068	0	100.0	nan	5013150	0	2529559	0	2483591	0	4631185	0	92.38	nan	5008995	0	4155	0	0.08	nan	0	0	0	0	5019068
V350082740_L01_80-80	6894403	0	0	0	17233	0	0	0	6894403	0	100.0	nan	6877170	0	3456753	0	3420417	0	6388074	0	92.89	nan	6872630	0	4540	0	0.07	nan	0	0	0	0	6894403
V350082740_L01_81-81	4204552	0	0	0	3716	0	0	0	4204552	0	100.0	nan	4200836	0	2110082	0	2090754	0	3979868	0	94.74	nan	4198809	0	2027	0	0.05	nan	0	0	0	0	4204552
V350082740_L01_82-82	2136894	0	0	0	2159	0	0	0	2136894	0	100.0	nan	2134735	0	1073749	0	1060986	0	1984844	0	92.98	nan	2133461	0	1274	0	0.06	nan	0	0	0	0	2136894
V350082740_L01_83-83	5025938	0	0	0	4021	0	0	0	5025938	0	100.0	nan	5021917	0	2523195	0	2498722	0	4734102	0	94.27	nan	5017613	0	4304	0	0.09	nan	0	0	0	0	5025938
V350082740_L01_84-84	3636279	0	0	0	8732	0	0	0	3636279	0	100.0	nan	3627547	0	1825366	0	1802181	0	3328723	0	91.76	nan	3624547	0	3000	0	0.08	nan	0	0	0	0	3636279
V350082740_L01_85-85	7880818	0	0	0	4900	0	0	0	7880818	0	100.0	nan	7875918	0	3958995	0	3916923	0	7405182	0	94.02	nan	7870015	0	5903	0	0.07	nan	0	0	0	0	7880818
V350082740_L01_86-86	894697	0	0	0	2161	0	0	0	894697	0	100.0	nan	892536	0	447836	0	444700	0	792692	0	88.81	nan	892007	0	529	0	0.06	nan	0	0	0	0	894697
V350082740_L01_87-87	8344396	0	0	0	12086	0	0	0	8344396	0	100.0	nan	8332310	0	4193272	0	4139038	0	7875580	0	94.52	nan	8326750	0	5560	0	0.07	nan	0	0	0	0	8344396
V350082740_L01_88-88	3865542	0	0	0	12208	0	0	0	3865542	0	100.0	nan	3853334	0	1936290	0	1917044	0	3838540	0	99.62	nan	3850683	0	2651	0	0.07	nan	0	0	0	0	3865542
V350082740_L01_89-89	7361589	0	0	0	10698	0	0	0	7361589	0	100.0	nan	7350891	0	3698438	0	3652453	0	6842178	0	93.08	nan	7346729	0	4162	0	0.06	nan	0	0	0	0	7361589
V350082740_L01_90-90	5671186	0	0	0	11870	0	0	0	5671186	0	100.0	nan	5659316	0	2835138	0	2824178	0	5254032	0	92.84	nan	5653279	0	6037	0	0.11	nan	0	0	0	0	5671186
V350082740_L01_91-91	8613399	0	0	0	13063	0	0	0	8613399	0	100.0	nan	8600336	0	4301663	0	4298673	0	8202860	0	95.38	nan	8596477	0	3859	0	0.04	nan	0	0	0	0	8613399
V350082740_L01_92-92	2465871	0	0	0	1766	0	0	0	2465871	0	100.0	nan	2464105	0	1242078	0	1222027	0	2237297	0	90.8	nan	2462665	0	1440	0	0.06	nan	0	0	0	0	2465871
V350082740_L01_93-93	2765709	0	0	0	1702	0	0	0	2765709	0	100.0	nan	2764007	0	1395332	0	1368675	0	2505825	0	90.66	nan	2761793	0	2214	0	0.08	nan	0	0	0	0	2765709
V350082740_L01_94-94	1238614	0	0	0	857	0	0	0	1238614	0	100.0	nan	1237757	0	622090	0	615667	0	1097101	0	88.64	nan	1236508	0	1249	0	0.1	nan	0	0	0	0	1238614
V350082740_L01_95-95	5467791	0	0	0	8461	0	0	0	5467791	0	100.0	nan	5459330	0	2744180	0	2715150	0	5076821	0	92.99	nan	5456092	0	3238	0	0.06	nan	0	0	0	0	5467791
V350082740_L01_96-96	7661953	0	0	0	6705	0	0	0	7661953	0	100.0	nan	7655248	0	3857807	0	3797441	0	7319416	0	95.61	nan	7650516	0	4732	0	0.06	nan	0	0	0	0	7661953
V350082740_L01_97-97	17002	0	0	0	86	0	0	0	17002	0	100.0	nan	16916	0	11629	0	5287	0	10225	0	60.45	nan	11435	0	5481	0	32.4	nan	0	0	0	0	17002
V350082740_L01_98-98	13251	0	0	0	68	0	0	0	13251	0	100.0	nan	13183	0	8870	0	4313	0	8414	0	63.82	nan	9184	0	3999	0	30.33	nan	0	0	0	0	13251
V350082740_L01_99-99	10514	0	0	0	54	0	0	0	10514	0	100.0	nan	10460	0	7375	0	3085	0	6228	0	59.54	nan	6647	0	3813	0	36.45	nan	0	0	0	0	10514
V350082740_L02_01-01	2154199	0	0	0	7726	0	0	0	2154199	0	100.0	nan	2146473	0	1082059	0	1064414	0	1951308	0	90.91	nan	2144901	0	1572	0	0.07	nan	0	0	0	0	2154199
V350082740_L02_02-02	3171715	0	0	0	13670	0	0	0	3171715	0	100.0	nan	3158045	0	1586261	0	1571784	0	2963906	0	93.85	nan	3156115	0	1930	0	0.06	nan	0	0	0	0	3171715
V350082740_L02_03-03	595966	0	0	0	9657	0	0	0	595966	0	100.0	nan	586309	0	303245	0	283064	0	540471	0	92.18	nan	574385	0	11924	0	2.03	nan	0	0	0	0	595966
V350082740_L02_04-04	11728434	0	0	0	18448	0	0	0	11728434	0	100.0	nan	11709986	0	5878955	0	5831031	0	11223006	0	95.84	nan	11702869	0	7117	0	0.06	nan	0	0	0	0	11728434
V350082740_L02_05-05	6266783	0	0	0	10414	0	0	0	6266783	0	100.0	nan	6256369	0	3139474	0	3116895	0	5958337	0	95.24	nan	6252409	0	3960	0	0.06	nan	0	0	0	0	6266783
V350082740_L02_06-06	5414613	0	0	0	5690	0	0	0	5414613	0	100.0	nan	5408923	0	2705278	0	2703645	0	5135180	0	94.94	nan	5405523	0	3400	0	0.06	nan	0	0	0	0	5414613
V350082740_L02_07-07	6075861	0	0	0	8330	0	0	0	6075861	0	100.0	nan	6067531	0	3054776	0	3012755	0	5696863	0	93.89	nan	6063666	0	3865	0	0.06	nan	0	0	0	0	6075861
V350082740_L02_08-08	1889373	0	0	0	1704	0	0	0	1889373	0	100.0	nan	1887669	0	957463	0	930206	0	1684605	0	89.24	nan	1886376	0	1293	0	0.07	nan	0	0	0	0	1889373
V350082740_L02_09-09	2420586	0	0	0	2014	0	0	0	2420586	0	100.0	nan	2418572	0	1225305	0	1193267	0	2132869	0	88.19	nan	2417099	0	1473	0	0.06	nan	0	0	0	0	2420586
V350082740_L02_10-10	4899484	0	0	0	2949	0	0	0	4899484	0	100.0	nan	4896535	0	2464214	0	2432321	0	4521236	0	92.34	nan	4893331	0	3204	0	0.07	nan	0	0	0	0	4899484
V350082740_L02_100-100	12042	0	0	0	12	0	0	0	12042	0	100.0	nan	12030	0	7354	0	4676	0	9200	0	76.48	nan	9988	0	2042	0	16.97	nan	0	0	0	0	12042
V350082740_L02_101-101	10444	0	0	0	13	0	0	0	10444	0	100.0	nan	10431	0	6601	0	3830	0	8096	0	77.61	nan	8744	0	1687	0	16.17	nan	0	0	0	0	10444
V350082740_L02_102-102	6005	0	0	0	12	0	0	0	6005	0	100.0	nan	5993	0	4018	0	1975	0	4164	0	69.48	nan	4573	0	1420	0	23.69	nan	0	0	0	0	6005
V350082740_L02_103-103	15205	0	0	0	20	0	0	0	15205	0	100.0	nan	15185	0	9363	0	5822	0	12062	0	79.43	nan	12929	0	2256	0	14.86	nan	0	0	0	0	15205
V350082740_L02_104-104	15073	0	0	0	11	0	0	0	15073	0	100.0	nan	15062	0	8957	0	6105	0	12268	0	81.45	nan	13136	0	1926	0	12.79	nan	0	0	0	0	15073
V350082740_L02_11-11	7584012	0	0	0	4753	0	0	0	7584012	0	100.0	nan	7579259	0	3813079	0	3766180	0	7157027	0	94.43	nan	7575206	0	4053	0	0.05	nan	0	0	0	0	7584012
V350082740_L02_12-12	4931816	0	0	0	3269	0	0	0	4931816	0	100.0	nan	4928547	0	2496806	0	2431741	0	4594131	0	93.21	nan	4924816	0	3731	0	0.08	nan	0	0	0	0	4931816
V350082740_L02_13-13	7108902	0	0	0	6714	0	0	0	7108902	0	100.0	nan	7102188	0	3593854	0	3508334	0	6592444	0	92.82	nan	7097988	0	4200	0	0.06	nan	0	0	0	0	7108902
V350082740_L02_14-14	1417083	0	0	0	1948	0	0	0	1417083	0	100.0	nan	1415135	0	712283	0	702852	0	1297143	0	91.66	nan	1414131	0	1004	0	0.07	nan	0	0	0	0	1417083
V350082740_L02_15-15	5933801	0	0	0	10026	0	0	0	5933801	0	100.0	nan	5923775	0	2979806	0	2943969	0	5601058	0	94.55	nan	5920711	0	3064	0	0.05	nan	0	0	0	0	5933801
V350082740_L02_16-16	3561426	0	0	0	4640	0	0	0	3561426	0	100.0	nan	3556786	0	1789083	0	1767703	0	3286076	0	92.39	nan	3553786	0	3000	0	0.08	nan	0	0	0	0	3561426
V350082740_L02_17-17	6645479	0	0	0	11845	0	0	0	6645479	0	100.0	nan	6633634	0	3328011	0	3305623	0	6065638	0	91.44	nan	6616332	0	17302	0	0.26	nan	0	0	0	0	6645479
V350082740_L02_18-18	1646774	0	0	0	4977	0	0	0	1646774	0	100.0	nan	1641797	0	823642	0	818155	0	1554987	0	94.71	nan	1639863	0	1934	0	0.12	nan	0	0	0	0	1646774
V350082740_L02_19-19	3994060	0	0	0	7682	0	0	0	3994060	0	100.0	nan	3986378	0	2006570	0	1979808	0	3731993	0	93.62	nan	3982517	0	3861	0	0.1	nan	0	0	0	0	3994060
V350082740_L02_20-20	6585907	0	0	0	7395	0	0	0	6585907	0	100.0	nan	6578512	0	3308009	0	3270503	0	6029694	0	91.66	nan	6560665	0	17847	0	0.27	nan	0	0	0	0	6585907
V350082740_L02_21-21	5522782	0	0	0	3238	0	0	0	5522782	0	100.0	nan	5519544	0	2774815	0	2744729	0	5099046	0	92.38	nan	5516193	0	3351	0	0.06	nan	0	0	0	0	5522782
V350082740_L02_22-22	8214459	0	0	0	4987	0	0	0	8214459	0	100.0	nan	8209472	0	4120015	0	4089457	0	7833170	0	95.42	nan	8206172	0	3300	0	0.04	nan	0	0	0	0	8214459
V350082740_L02_23-23	8261421	0	0	0	13054	0	0	0	8261421	0	100.0	nan	8248367	0	4141904	0	4106463	0	7856954	0	95.25	nan	8244046	0	4321	0	0.05	nan	0	0	0	0	8261421
V350082740_L02_24-24	3370532	0	0	0	9807	0	0	0	3370532	0	100.0	nan	3360725	0	1703348	0	1657377	0	3024215	0	89.99	nan	3358504	0	2221	0	0.07	nan	0	0	0	0	3370532
V350082740_L02_25-25	5513624	0	0	0	7123	0	0	0	5513624	0	100.0	nan	5506501	0	2761039	0	2745462	0	5220555	0	94.81	nan	5503643	0	2858	0	0.05	nan	0	0	0	0	5513624
V350082740_L02_26-26	7564880	0	0	0	4893	0	0	0	7564880	0	100.0	nan	7559987	0	3800016	0	3759971	0	7182854	0	95.01	nan	7555927	0	4060	0	0.05	nan	0	0	0	0	7564880
V350082740_L02_27-27	6679856	0	0	0	7420	0	0	0	6679856	0	100.0	nan	6672436	0	3349689	0	3322747	0	6274506	0	94.04	nan	6667555	0	4881	0	0.07	nan	0	0	0	0	6679856
V350082740_L02_28-28	5957610	0	0	0	5072	0	0	0	5957610	0	100.0	nan	5952538	0	2999991	0	2952547	0	5515825	0	92.66	nan	5949076	0	3462	0	0.06	nan	0	0	0	0	5957610
V350082740_L02_29-29	10066707	0	0	0	5185	0	0	0	10066707	0	100.0	nan	10061522	0	5059315	0	5002207	0	9541192	0	94.83	nan	10055863	0	5659	0	0.06	nan	0	0	0	0	10066707
V350082740_L02_30-30	7614022	0	0	0	8340	0	0	0	7614022	0	100.0	nan	7605682	0	3833447	0	3772235	0	7195831	0	94.61	nan	7601853	0	3829	0	0.05	nan	0	0	0	0	7614022
V350082740_L02_31-31	2740313	0	0	0	1715	0	0	0	2740313	0	100.0	nan	2738598	0	1382875	0	1355723	0	2468133	0	90.12	nan	2736766	0	1832	0	0.07	nan	0	0	0	0	2740313
V350082740_L02_32-32	9697531	0	0	0	9484	0	0	0	9697531	0	100.0	nan	9688047	0	4871415	0	4816632	0	9071754	0	93.64	nan	9682827	0	5220	0	0.05	nan	0	0	0	0	9697531
V350082740_L02_33-33	4464232	0	0	0	4384	0	0	0	4464232	0	100.0	nan	4459848	0	2243107	0	2216741	0	4074091	0	91.35	nan	4456816	0	3032	0	0.07	nan	0	0	0	0	4464232
V350082740_L02_34-34	5066941	0	0	0	11046	0	0	0	5066941	0	100.0	nan	5055895	0	2538146	0	2517749	0	4739808	0	93.75	nan	5052896	0	2999	0	0.06	nan	0	0	0	0	5066941
V350082740_L02_35-35	3212371	0	0	0	1147	0	0	0	3212371	0	100.0	nan	3211224	0	1626050	0	1585174	0	2784635	0	86.72	nan	3208992	0	2232	0	0.07	nan	0	0	0	0	3212371
V350082740_L02_36-36	5372449	0	0	0	4876	0	0	0	5372449	0	100.0	nan	5367573	0	2693153	0	2674420	0	5106076	0	95.13	nan	5364315	0	3258	0	0.06	nan	0	0	0	0	5372449
V350082740_L02_37-37	6346551	0	0	0	6605	0	0	0	6346551	0	100.0	nan	6339946	0	3184063	0	3155883	0	6001331	0	94.66	nan	6336562	0	3384	0	0.05	nan	0	0	0	0	6346551
V350082740_L02_38-38	2785475	0	0	0	5717	0	0	0	2785475	0	100.0	nan	2779758	0	1412182	0	1367576	0	2553489	0	91.86	nan	2776255	0	3503	0	0.13	nan	0	0	0	0	2785475
V350082740_L02_39-39	2846095	0	0	0	1447	0	0	0	2846095	0	100.0	nan	2844648	0	1439651	0	1404997	0	2509352	0	88.21	nan	2842230	0	2418	0	0.09	nan	0	0	0	0	2846095
V350082740_L02_40-40	954831	0	0	0	686	0	0	0	954831	0	100.0	nan	954145	0	482301	0	471844	0	857564	0	89.88	nan	953306	0	839	0	0.09	nan	0	0	0	0	954831
V350082740_L02_41-41	2566793	0	0	0	1505	0	0	0	2566793	0	100.0	nan	2565288	0	1300419	0	1264869	0	2222604	0	86.64	nan	2563414	0	1874	0	0.07	nan	0	0	0	0	2566793
V350082740_L02_42-42	3545902	0	0	0	1407	0	0	0	3545902	0	100.0	nan	3544495	0	1795612	0	1748883	0	2996601	0	84.54	nan	3542341	0	2154	0	0.06	nan	0	0	0	0	3545902
V350082740_L02_43-43	2983474	0	0	0	1833	0	0	0	2983474	0	100.0	nan	2981641	0	1518378	0	1463263	0	2523944	0	84.65	nan	2979240	0	2401	0	0.08	nan	0	0	0	0	2983474
V350082740_L02_44-44	4190047	0	0	0	3596	0	0	0	4190047	0	100.0	nan	4186451	0	2118004	0	2068447	0	3760479	0	89.82	nan	4183837	0	2614	0	0.06	nan	0	0	0	0	4190047
V350082740_L02_45-45	2622151	0	0	0	4340	0	0	0	2622151	0	100.0	nan	2617811	0	1322301	0	1295510	0	2342281	0	89.47	nan	2614169	0	3642	0	0.14	nan	0	0	0	0	2622151
V350082740_L02_46-46	2017710	0	0	0	1083	0	0	0	2017710	0	100.0	nan	2016627	0	1022266	0	994361	0	1767794	0	87.66	nan	2015326	0	1301	0	0.06	nan	0	0	0	0	2017710
V350082740_L02_47-47	975762	0	0	0	451	0	0	0	975762	0	100.0	nan	975311	0	494648	0	480663	0	837460	0	85.87	nan	974689	0	622	0	0.06	nan	0	0	0	0	975762
V350082740_L02_48-48	2174686	0	0	0	1046	0	0	0	2174686	0	100.0	nan	2173640	0	1102542	0	1071098	0	1950813	0	89.75	nan	2172012	0	1628	0	0.07	nan	0	0	0	0	2174686
V350082740_L02_49-49	3339922	0	0	0	3391	0	0	0	3339922	0	100.0	nan	3336531	0	1679657	0	1656874	0	3100843	0	92.94	nan	3334677	0	1854	0	0.06	nan	0	0	0	0	3339922
V350082740_L02_50-50	10002306	0	0	0	11341	0	0	0	10002306	0	100.0	nan	9990965	0	5011408	0	4979557	0	9436683	0	94.45	nan	9983700	0	7265	0	0.07	nan	0	0	0	0	10002306
V350082740_L02_51-51	5213594	0	0	0	3979	0	0	0	5213594	0	100.0	nan	5209615	0	2624466	0	2585149	0	4898599	0	94.03	nan	5206334	0	3281	0	0.06	nan	0	0	0	0	5213594
V350082740_L02_52-52	5096970	0	0	0	4304	0	0	0	5096970	0	100.0	nan	5092666	0	2561005	0	2531661	0	4725325	0	92.79	nan	5090349	0	2317	0	0.05	nan	0	0	0	0	5096970
V350082740_L02_53-53	3693459	0	0	0	21877	0	0	0	3693459	0	100.0	nan	3671582	0	1856561	0	1815021	0	3650084	0	99.41	nan	3657831	0	13751	0	0.37	nan	0	0	0	0	3693459
V350082740_L02_54-54	7830931	0	0	0	7374	0	0	0	7830931	0	100.0	nan	7823557	0	3935485	0	3888072	0	7455341	0	95.29	nan	7819872	0	3685	0	0.05	nan	0	0	0	0	7830931
V350082740_L02_55-55	9654277	0	0	0	6286	0	0	0	9654277	0	100.0	nan	9647991	0	4849168	0	4798823	0	9078987	0	94.1	nan	9642022	0	5969	0	0.06	nan	0	0	0	0	9654277
V350082740_L02_56-56	7609100	0	0	0	15980	0	0	0	7609100	0	100.0	nan	7593120	0	3807375	0	3785745	0	6560797	0	86.4	nan	7540764	0	52356	0	0.69	nan	0	0	0	0	7609100
V350082740_L02_57-57	6433766	0	0	0	8461	0	0	0	6433766	0	100.0	nan	6425305	0	3226887	0	3198418	0	6012906	0	93.58	nan	6422581	0	2724	0	0.04	nan	0	0	0	0	6433766
V350082740_L02_58-58	9673404	0	0	0	15766	0	0	0	9673404	0	100.0	nan	9657638	0	4851607	0	4806031	0	9144159	0	94.68	nan	9651886	0	5752	0	0.06	nan	0	0	0	0	9673404
V350082740_L02_59-59	13672798	0	0	0	21552	0	0	0	13672798	0	100.0	nan	13651246	0	6839976	0	6811270	0	13098838	0	95.95	nan	13643742	0	7504	0	0.05	nan	0	0	0	0	13672798
V350082740_L02_60-60	11663932	0	0	0	22898	0	0	0	11663932	0	100.0	nan	11641034	0	5833829	0	5807205	0	11156924	0	95.84	nan	11633112	0	7922	0	0.07	nan	0	0	0	0	11663932
V350082740_L02_61-61	1671108	0	0	0	6364	0	0	0	1671108	0	100.0	nan	1664744	0	844989	0	819755	0	1657691	0	99.58	nan	1659684	0	5060	0	0.3	nan	0	0	0	0	1671108
V350082740_L02_62-62	7166275	0	0	0	13617	0	0	0	7166275	0	100.0	nan	7152658	0	3592024	0	3560634	0	6821136	0	95.37	nan	7148562	0	4096	0	0.06	nan	0	0	0	0	7166275
V350082740_L02_63-63	3928020	0	0	0	6114	0	0	0	3928020	0	100.0	nan	3921906	0	1974484	0	1947422	0	3610704	0	92.07	nan	3919185	0	2721	0	0.07	nan	0	0	0	0	3928020
V350082740_L02_64-64	6961831	0	0	0	4078	0	0	0	6961831	0	100.0	nan	6957753	0	3495641	0	3462112	0	6634050	0	95.35	nan	6953619	0	4134	0	0.06	nan	0	0	0	0	6961831
V350082740_L02_65-65	11220580	0	0	0	5312	0	0	0	11220580	0	100.0	nan	11215268	0	5623688	0	5591580	0	10693595	0	95.35	nan	11209071	0	6197	0	0.06	nan	0	0	0	0	11220580
V350082740_L02_66-66	7396964	0	0	0	8277	0	0	0	7396964	0	100.0	nan	7388687	0	3719303	0	3669384	0	6981327	0	94.49	nan	7384623	0	4064	0	0.06	nan	0	0	0	0	7396964
V350082740_L02_67-67	5481450	0	0	0	6851	0	0	0	5481450	0	100.0	nan	5474599	0	2744696	0	2729903	0	5221036	0	95.37	nan	5470658	0	3941	0	0.07	nan	0	0	0	0	5481450
V350082740_L02_68-68	2932188	0	0	0	5488	0	0	0	2932188	0	100.0	nan	2926700	0	1471272	0	1455428	0	2370907	0	81.01	nan	2906145	0	20555	0	0.7	nan	0	0	0	0	2932188
V350082740_L02_69-69	6431110	0	0	0	7719	0	0	0	6431110	0	100.0	nan	6423391	0	3221600	0	3201791	0	6086311	0	94.75	nan	6419949	0	3442	0	0.05	nan	0	0	0	0	6431110
V350082740_L02_70-70	7880591	0	0	0	11208	0	0	0	7880591	0	100.0	nan	7869383	0	3941909	0	3927474	0	7452389	0	94.7	nan	7861266	0	8117	0	0.1	nan	0	0	0	0	7880591
V350082740_L02_71-71	2443016	0	0	0	3132	0	0	0	2443016	0	100.0	nan	2439884	0	1227134	0	1212750	0	2218392	0	90.92	nan	2436732	0	3152	0	0.13	nan	0	0	0	0	2443016
V350082740_L02_72-72	5396310	0	0	0	6072	0	0	0	5396310	0	100.0	nan	5390238	0	2710043	0	2680195	0	5006116	0	92.87	nan	5386791	0	3447	0	0.06	nan	0	0	0	0	5396310
V350082740_L02_73-73	5070572	0	0	0	8186	0	0	0	5070572	0	100.0	nan	5062386	0	2535526	0	2526860	0	4375785	0	86.44	nan	5039493	0	22893	0	0.45	nan	0	0	0	0	5070572
V350082740_L02_74-74	5854169	0	0	0	25149	0	0	0	5854169	0	100.0	nan	5829020	0	2934436	0	2894584	0	4927825	0	84.54	nan	5793757	0	35263	0	0.6	nan	0	0	0	0	5854169
V350082740_L02_75-75	5478398	0	0	0	5033	0	0	0	5478398	0	100.0	nan	5473365	0	2742536	0	2730829	0	5162540	0	94.32	nan	5469813	0	3552	0	0.06	nan	0	0	0	0	5478398
V350082740_L02_76-76	1937005	0	0	0	7533	0	0	0	1937005	0	100.0	nan	1929472	0	970340	0	959132	0	1766162	0	91.54	nan	1924495	0	4977	0	0.26	nan	0	0	0	0	1937005
V350082740_L02_77-77	2084790	0	0	0	3172	0	0	0	2084790	0	100.0	nan	2081618	0	1048679	0	1032939	0	2078034	0	99.83	nan	2079951	0	1667	0	0.08	nan	0	0	0	0	2084790
V350082740_L02_78-78	4230695	0	0	0	10490	0	0	0	4230695	0	100.0	nan	4220205	0	2121131	0	2099074	0	3914293	0	92.75	nan	4217517	0	2688	0	0.06	nan	0	0	0	0	4230695
V350082740_L02_79-79	5051407	0	0	0	5829	0	0	0	5051407	0	100.0	nan	5045578	0	2547761	0	2497817	0	4661472	0	92.39	nan	5041347	0	4231	0	0.08	nan	0	0	0	0	5051407
V350082740_L02_80-80	6941946	0	0	0	17416	0	0	0	6941946	0	100.0	nan	6924530	0	3482246	0	3442284	0	6431969	0	92.89	nan	6920546	0	3984	0	0.06	nan	0	0	0	0	6941946
V350082740_L02_81-81	4245696	0	0	0	3713	0	0	0	4245696	0	100.0	nan	4241983	0	2131853	0	2110130	0	4019508	0	94.76	nan	4240093	0	1890	0	0.04	nan	0	0	0	0	4245696
V350082740_L02_82-82	2158098	0	0	0	2154	0	0	0	2158098	0	100.0	nan	2155944	0	1084768	0	1071176	0	2004745	0	92.99	nan	2154730	0	1214	0	0.06	nan	0	0	0	0	2158098
V350082740_L02_83-83	5063370	0	0	0	4132	0	0	0	5063370	0	100.0	nan	5059238	0	2543126	0	2516112	0	4768551	0	94.25	nan	5055054	0	4184	0	0.08	nan	0	0	0	0	5063370
V350082740_L02_84-84	3664043	0	0	0	8744	0	0	0	3664043	0	100.0	nan	3655299	0	1841160	0	1814139	0	3355076	0	91.79	nan	3652634	0	2665	0	0.07	nan	0	0	0	0	3664043
V350082740_L02_85-85	7935192	0	0	0	4840	0	0	0	7935192	0	100.0	nan	7930352	0	3989375	0	3940977	0	7456979	0	94.03	nan	7924588	0	5764	0	0.07	nan	0	0	0	0	7935192
V350082740_L02_86-86	897157	0	0	0	2211	0	0	0	897157	0	100.0	nan	894946	0	449456	0	445490	0	794919	0	88.82	nan	894455	0	491	0	0.05	nan	0	0	0	0	897157
V350082740_L02_87-87	8410727	0	0	0	12310	0	0	0	8410727	0	100.0	nan	8398417	0	4226226	0	4172191	0	7940207	0	94.54	nan	8393294	0	5123	0	0.06	nan	0	0	0	0	8410727
V350082740_L02_88-88	3880996	0	0	0	12337	0	0	0	3880996	0	100.0	nan	3868659	0	1944137	0	1924522	0	3854318	0	99.63	nan	3865952	0	2707	0	0.07	nan	0	0	0	0	3880996
V350082740_L02_89-89	7416644	0	0	0	10587	0	0	0	7416644	0	100.0	nan	7406057	0	3727110	0	3678947	0	6893425	0	93.08	nan	7402160	0	3897	0	0.05	nan	0	0	0	0	7416644
V350082740_L02_90-90	5710017	0	0	0	12313	0	0	0	5710017	0	100.0	nan	5697704	0	2856023	0	2841681	0	5290174	0	92.85	nan	5691543	0	6161	0	0.11	nan	0	0	0	0	5710017
V350082740_L02_91-91	8687510	0	0	0	13018	0	0	0	8687510	0	100.0	nan	8674492	0	4342415	0	4332077	0	8273971	0	95.38	nan	8671150	0	3342	0	0.04	nan	0	0	0	0	8687510
V350082740_L02_92-92	2490754	0	0	0	1714	0	0	0	2490754	0	100.0	nan	2489040	0	1255583	0	1233457	0	2259875	0	90.79	nan	2487738	0	1302	0	0.05	nan	0	0	0	0	2490754
V350082740_L02_93-93	2792693	0	0	0	1645	0	0	0	2792693	0	100.0	nan	2791048	0	1409521	0	1381527	0	2531171	0	90.69	nan	2788974	0	2074	0	0.07	nan	0	0	0	0	2792693
V350082740_L02_94-94	1243704	0	0	0	818	0	0	0	1243704	0	100.0	nan	1242886	0	624966	0	617920	0	1101810	0	88.65	nan	1241723	0	1163	0	0.09	nan	0	0	0	0	1243704
V350082740_L02_95-95	5520302	0	0	0	8468	0	0	0	5520302	0	100.0	nan	5511834	0	2772655	0	2739179	0	5128570	0	93.05	nan	5508983	0	2851	0	0.05	nan	0	0	0	0	5520302
V350082740_L02_96-96	7709008	0	0	0	6747	0	0	0	7709008	0	100.0	nan	7702261	0	3879062	0	3823199	0	7362290	0	95.59	nan	7697892	0	4369	0	0.06	nan	0	0	0	0	7709008
V350082740_L02_97-97	13797	0	0	0	18	0	0	0	13797	0	100.0	nan	13779	0	8578	0	5201	0	9999	0	72.57	nan	11218	0	2561	0	18.59	nan	0	0	0	0	13797
V350082740_L02_98-98	10741	0	0	0	10	0	0	0	10741	0	100.0	nan	10731	0	6470	0	4261	0	8446	0	78.71	nan	9063	0	1668	0	15.54	nan	0	0	0	0	10741
V350082740_L02_99-99	7800	0	0	0	10	0	0	0	7800	0	100.0	nan	7790	0	4803	0	2987	0	6114	0	78.49	nan	6466	0	1324	0	17.0	nan	0	0	0	0	7800
V350082740_L03_01-01	2143724	0	0	0	7590	0	0	0	2143724	0	100.0	nan	2136134	0	1077242	0	1058892	0	1940652	0	90.85	nan	2134546	0	1588	0	0.07	nan	0	0	0	0	2143724
V350082740_L03_02-02	3169604	0	0	0	13883	0	0	0	3169604	0	100.0	nan	3155721	0	1586387	0	1569334	0	2959321	0	93.78	nan	3153684	0	2037	0	0.06	nan	0	0	0	0	3169604
V350082740_L03_03-03	688534	0	0	0	10173	0	0	0	688534	0	100.0	nan	678361	0	349893	0	328468	0	631805	0	93.14	nan	666105	0	12256	0	1.81	nan	0	0	0	0	688534
V350082740_L03_04-04	11693575	0	0	0	18958	0	0	0	11693575	0	100.0	nan	11674617	0	5860813	0	5813804	0	11184097	0	95.8	nan	11667073	0	7544	0	0.06	nan	0	0	0	0	11693575
V350082740_L03_05-05	6249212	0	0	0	10761	0	0	0	6249212	0	100.0	nan	6238451	0	3130973	0	3107478	0	5940247	0	95.22	nan	6234593	0	3858	0	0.06	nan	0	0	0	0	6249212
V350082740_L03_06-06	5420245	0	0	0	6007	0	0	0	5420245	0	100.0	nan	5414238	0	2709931	0	2704307	0	5138096	0	94.9	nan	5410643	0	3595	0	0.07	nan	0	0	0	0	5420245
V350082740_L03_07-07	6028280	0	0	0	8708	0	0	0	6028280	0	100.0	nan	6019572	0	3030446	0	2989126	0	5648766	0	93.84	nan	6015552	0	4020	0	0.07	nan	0	0	0	0	6028280
V350082740_L03_08-08	1881655	0	0	0	1733	0	0	0	1881655	0	100.0	nan	1879922	0	954151	0	925771	0	1675735	0	89.14	nan	1878564	0	1358	0	0.07	nan	0	0	0	0	1881655
V350082740_L03_09-09	2414255	0	0	0	2095	0	0	0	2414255	0	100.0	nan	2412160	0	1223464	0	1188696	0	2126298	0	88.15	nan	2410702	0	1458	0	0.06	nan	0	0	0	0	2414255
V350082740_L03_10-10	4867763	0	0	0	3194	0	0	0	4867763	0	100.0	nan	4864569	0	2449683	0	2414886	0	4489060	0	92.28	nan	4861281	0	3288	0	0.07	nan	0	0	0	0	4867763
V350082740_L03_100-100	12987	0	0	0	187	0	0	0	12987	0	100.0	nan	12800	0	8711	0	4089	0	7658	0	59.83	nan	8460	0	4340	0	33.91	nan	0	0	0	0	12987
V350082740_L03_101-101	11155	0	0	0	188	0	0	0	11155	0	100.0	nan	10967	0	7768	0	3199	0	6566	0	59.87	nan	7187	0	3780	0	34.47	nan	0	0	0	0	11155
V350082740_L03_102-102	7502	0	0	0	235	0	0	0	7502	0	100.0	nan	7267	0	5560	0	1707	0	3407	0	46.88	nan	3806	0	3461	0	47.63	nan	0	0	0	0	7502
V350082740_L03_103-103	15204	0	0	0	203	0	0	0	15204	0	100.0	nan	15001	0	10261	0	4740	0	9679	0	64.52	nan	10493	0	4508	0	30.05	nan	0	0	0	0	15204
V350082740_L03_104-104	14678	0	0	0	155	0	0	0	14678	0	100.0	nan	14523	0	9500	0	5023	0	9820	0	67.62	nan	10680	0	3843	0	26.46	nan	0	0	0	0	14678
V350082740_L03_11-11	7569977	0	0	0	5024	0	0	0	7569977	0	100.0	nan	7564953	0	3805510	0	3759443	0	7140701	0	94.39	nan	7561053	0	3900	0	0.05	nan	0	0	0	0	7569977
V350082740_L03_12-12	4914004	0	0	0	3361	0	0	0	4914004	0	100.0	nan	4910643	0	2487812	0	2422831	0	4574998	0	93.16	nan	4907040	0	3603	0	0.07	nan	0	0	0	0	4914004
V350082740_L03_13-13	7084518	0	0	0	6831	0	0	0	7084518	0	100.0	nan	7077687	0	3581932	0	3495755	0	6570218	0	92.83	nan	7073391	0	4296	0	0.06	nan	0	0	0	0	7084518
V350082740_L03_14-14	1410566	0	0	0	1984	0	0	0	1410566	0	100.0	nan	1408582	0	709479	0	699103	0	1290919	0	91.65	nan	1407545	0	1037	0	0.07	nan	0	0	0	0	1410566
V350082740_L03_15-15	5911511	0	0	0	10211	0	0	0	5911511	0	100.0	nan	5901300	0	2968033	0	2933267	0	5577315	0	94.51	nan	5898382	0	2918	0	0.05	nan	0	0	0	0	5911511
V350082740_L03_16-16	3559230	0	0	0	4914	0	0	0	3559230	0	100.0	nan	3554316	0	1788833	0	1765483	0	3283891	0	92.39	nan	3551414	0	2902	0	0.08	nan	0	0	0	0	3559230
V350082740_L03_17-17	6638186	0	0	0	12047	0	0	0	6638186	0	100.0	nan	6626139	0	3325038	0	3301101	0	6032042	0	91.03	nan	6606246	0	19893	0	0.3	nan	0	0	0	0	6638186
V350082740_L03_18-18	1644765	0	0	0	4977	0	0	0	1644765	0	100.0	nan	1639788	0	822999	0	816789	0	1551489	0	94.62	nan	1637804	0	1984	0	0.12	nan	0	0	0	0	1644765
V350082740_L03_19-19	3990127	0	0	0	7948	0	0	0	3990127	0	100.0	nan	3982179	0	2004781	0	1977398	0	3726732	0	93.59	nan	3978091	0	4088	0	0.1	nan	0	0	0	0	3990127
V350082740_L03_20-20	6594146	0	0	0	7619	0	0	0	6594146	0	100.0	nan	6586527	0	3312999	0	3273528	0	6011186	0	91.26	nan	6566768	0	19759	0	0.3	nan	0	0	0	0	6594146
V350082740_L03_21-21	5505515	0	0	0	3393	0	0	0	5505515	0	100.0	nan	5502122	0	2767615	0	2734507	0	5081513	0	92.36	nan	5498625	0	3497	0	0.06	nan	0	0	0	0	5505515
V350082740_L03_22-22	8249838	0	0	0	5218	0	0	0	8249838	0	100.0	nan	8244620	0	4139353	0	4105267	0	7863243	0	95.37	nan	8241063	0	3557	0	0.04	nan	0	0	0	0	8249838
V350082740_L03_23-23	8260391	0	0	0	13260	0	0	0	8260391	0	100.0	nan	8247131	0	4141038	0	4106093	0	7854326	0	95.24	nan	8243080	0	4051	0	0.05	nan	0	0	0	0	8260391
V350082740_L03_24-24	3369131	0	0	0	9821	0	0	0	3369131	0	100.0	nan	3359310	0	1703424	0	1655886	0	3021118	0	89.93	nan	3357042	0	2268	0	0.07	nan	0	0	0	0	3369131
V350082740_L03_25-25	5522522	0	0	0	7419	0	0	0	5522522	0	100.0	nan	5515103	0	2766860	0	2748243	0	5222774	0	94.7	nan	5512269	0	2834	0	0.05	nan	0	0	0	0	5522522
V350082740_L03_26-26	7555078	0	0	0	5173	0	0	0	7555078	0	100.0	nan	7549905	0	3794188	0	3755717	0	7171236	0	94.98	nan	7546013	0	3892	0	0.05	nan	0	0	0	0	7555078
V350082740_L03_27-27	6671468	0	0	0	7690	0	0	0	6671468	0	100.0	nan	6663778	0	3346344	0	3317434	0	6262659	0	93.98	nan	6658937	0	4841	0	0.07	nan	0	0	0	0	6671468
V350082740_L03_28-28	5947330	0	0	0	5438	0	0	0	5947330	0	100.0	nan	5941892	0	2995601	0	2946291	0	5503961	0	92.63	nan	5938349	0	3543	0	0.06	nan	0	0	0	0	5947330
V350082740_L03_29-29	10001661	0	0	0	5572	0	0	0	10001661	0	100.0	nan	9996089	0	5027208	0	4968881	0	9474354	0	94.78	nan	9990087	0	6002	0	0.06	nan	0	0	0	0	10001661
V350082740_L03_30-30	7591791	0	0	0	8942	0	0	0	7591791	0	100.0	nan	7582849	0	3820773	0	3762076	0	7169527	0	94.55	nan	7579374	0	3475	0	0.05	nan	0	0	0	0	7591791
V350082740_L03_31-31	2736520	0	0	0	1878	0	0	0	2736520	0	100.0	nan	2734642	0	1382025	0	1352617	0	2464191	0	90.11	nan	2732725	0	1917	0	0.07	nan	0	0	0	0	2736520
V350082740_L03_32-32	9675989	0	0	0	9817	0	0	0	9675989	0	100.0	nan	9666172	0	4862744	0	4803428	0	9046902	0	93.59	nan	9660557	0	5615	0	0.06	nan	0	0	0	0	9675989
V350082740_L03_33-33	4464178	0	0	0	4509	0	0	0	4464178	0	100.0	nan	4459669	0	2244527	0	2215142	0	4070653	0	91.28	nan	4456404	0	3265	0	0.07	nan	0	0	0	0	4464178
V350082740_L03_34-34	5048089	0	0	0	11356	0	0	0	5048089	0	100.0	nan	5036733	0	2528878	0	2507855	0	4719867	0	93.71	nan	5033507	0	3226	0	0.06	nan	0	0	0	0	5048089
V350082740_L03_35-35	3207967	0	0	0	1307	0	0	0	3207967	0	100.0	nan	3206660	0	1624641	0	1582019	0	2779237	0	86.67	nan	3204435	0	2225	0	0.07	nan	0	0	0	0	3207967
V350082740_L03_36-36	5354739	0	0	0	5190	0	0	0	5354739	0	100.0	nan	5349549	0	2684561	0	2664988	0	5084245	0	95.04	nan	5346469	0	3080	0	0.06	nan	0	0	0	0	5354739
V350082740_L03_37-37	6304570	0	0	0	6866	0	0	0	6304570	0	100.0	nan	6297704	0	3163208	0	3134496	0	5959408	0	94.63	nan	6294560	0	3144	0	0.05	nan	0	0	0	0	6304570
V350082740_L03_38-38	2778004	0	0	0	5874	0	0	0	2778004	0	100.0	nan	2772130	0	1408901	0	1363229	0	2544074	0	91.77	nan	2768797	0	3333	0	0.12	nan	0	0	0	0	2778004
V350082740_L03_39-39	2831793	0	0	0	1473	0	0	0	2831793	0	100.0	nan	2830320	0	1433052	0	1397268	0	2496328	0	88.2	nan	2828016	0	2304	0	0.08	nan	0	0	0	0	2831793
V350082740_L03_40-40	955035	0	0	0	715	0	0	0	955035	0	100.0	nan	954320	0	482663	0	471657	0	857387	0	89.84	nan	953467	0	853	0	0.09	nan	0	0	0	0	955035
V350082740_L03_41-41	2552907	0	0	0	1511	0	0	0	2552907	0	100.0	nan	2551396	0	1294235	0	1257161	0	2208454	0	86.56	nan	2549550	0	1846	0	0.07	nan	0	0	0	0	2552907
V350082740_L03_42-42	3553977	0	0	0	1568	0	0	0	3553977	0	100.0	nan	3552409	0	1802030	0	1750379	0	3001083	0	84.48	nan	3550123	0	2286	0	0.06	nan	0	0	0	0	3553977
V350082740_L03_43-43	2964097	0	0	0	1889	0	0	0	2964097	0	100.0	nan	2962208	0	1509436	0	1452772	0	2507333	0	84.64	nan	2959777	0	2431	0	0.08	nan	0	0	0	0	2964097
V350082740_L03_44-44	4172237	0	0	0	3732	0	0	0	4172237	0	100.0	nan	4168505	0	2109626	0	2058879	0	3741774	0	89.76	nan	4166219	0	2286	0	0.05	nan	0	0	0	0	4172237
V350082740_L03_45-45	2602214	0	0	0	4561	0	0	0	2602214	0	100.0	nan	2597653	0	1313162	0	1284491	0	2322977	0	89.43	nan	2593934	0	3719	0	0.14	nan	0	0	0	0	2602214
V350082740_L03_46-46	2015983	0	0	0	1174	0	0	0	2015983	0	100.0	nan	2014809	0	1022378	0	992431	0	1765947	0	87.65	nan	2013364	0	1445	0	0.07	nan	0	0	0	0	2015983
V350082740_L03_47-47	980901	0	0	0	496	0	0	0	980901	0	100.0	nan	980405	0	497750	0	482655	0	840519	0	85.73	nan	979804	0	601	0	0.06	nan	0	0	0	0	980901
V350082740_L03_48-48	2154716	0	0	0	1169	0	0	0	2154716	0	100.0	nan	2153547	0	1092307	0	1061240	0	1932137	0	89.72	nan	2151850	0	1697	0	0.08	nan	0	0	0	0	2154716
V350082740_L03_49-49	3335050	0	0	0	3662	0	0	0	3335050	0	100.0	nan	3331388	0	1677649	0	1653739	0	3095273	0	92.91	nan	3329308	0	2080	0	0.06	nan	0	0	0	0	3335050
V350082740_L03_50-50	9978891	0	0	0	11676	0	0	0	9978891	0	100.0	nan	9967215	0	5000626	0	4966589	0	9404424	0	94.35	nan	9959347	0	7868	0	0.08	nan	0	0	0	0	9978891
V350082740_L03_51-51	5203736	0	0	0	4034	0	0	0	5203736	0	100.0	nan	5199702	0	2619279	0	2580423	0	4887124	0	93.99	nan	5196641	0	3061	0	0.06	nan	0	0	0	0	5203736
V350082740_L03_52-52	5114237	0	0	0	4519	0	0	0	5114237	0	100.0	nan	5109718	0	2571256	0	2538462	0	4737331	0	92.71	nan	5107212	0	2506	0	0.05	nan	0	0	0	0	5114237
V350082740_L03_53-53	3795318	0	0	0	22244	0	0	0	3795318	0	100.0	nan	3773074	0	1907598	0	1865476	0	3750456	0	99.4	nan	3758798	0	14276	0	0.38	nan	0	0	0	0	3795318
V350082740_L03_54-54	7784755	0	0	0	7722	0	0	0	7784755	0	100.0	nan	7777033	0	3913055	0	3863978	0	7409908	0	95.28	nan	7772792	0	4241	0	0.05	nan	0	0	0	0	7784755
V350082740_L03_55-55	9606796	0	0	0	6613	0	0	0	9606796	0	100.0	nan	9600183	0	4825176	0	4775007	0	9032649	0	94.09	nan	9594167	0	6016	0	0.06	nan	0	0	0	0	9606796
V350082740_L03_56-56	7820755	0	0	0	17130	0	0	0	7820755	0	100.0	nan	7803625	0	3914913	0	3888712	0	6737929	0	86.34	nan	7743862	0	59763	0	0.77	nan	0	0	0	0	7820755
V350082740_L03_57-57	6454131	0	0	0	8546	0	0	0	6454131	0	100.0	nan	6445585	0	3238545	0	3207040	0	6028373	0	93.53	nan	6442758	0	2827	0	0.04	nan	0	0	0	0	6454131
V350082740_L03_58-58	9610074	0	0	0	15890	0	0	0	9610074	0	100.0	nan	9594184	0	4819009	0	4775175	0	9079539	0	94.64	nan	9587983	0	6201	0	0.06	nan	0	0	0	0	9610074
V350082740_L03_59-59	13617848	0	0	0	22524	0	0	0	13617848	0	100.0	nan	13595324	0	6810918	0	6784406	0	13038697	0	95.91	nan	13586680	0	8644	0	0.06	nan	0	0	0	0	13617848
V350082740_L03_60-60	11621758	0	0	0	22828	0	0	0	11621758	0	100.0	nan	11598930	0	5812346	0	5786584	0	11112022	0	95.8	nan	11590589	0	8341	0	0.07	nan	0	0	0	0	11621758
V350082740_L03_61-61	1774490	0	0	0	6375	0	0	0	1774490	0	100.0	nan	1768115	0	898203	0	869912	0	1760450	0	99.57	nan	1762627	0	5488	0	0.31	nan	0	0	0	0	1774490
V350082740_L03_62-62	7139423	0	0	0	13530	0	0	0	7139423	0	100.0	nan	7125893	0	3578661	0	3547232	0	6793036	0	95.33	nan	7121663	0	4230	0	0.06	nan	0	0	0	0	7139423
V350082740_L03_63-63	3932203	0	0	0	6274	0	0	0	3932203	0	100.0	nan	3925929	0	1977424	0	1948505	0	3613068	0	92.03	nan	3923259	0	2670	0	0.07	nan	0	0	0	0	3932203
V350082740_L03_64-64	6928576	0	0	0	4505	0	0	0	6928576	0	100.0	nan	6924071	0	3480158	0	3443913	0	6596500	0	95.27	nan	6919985	0	4086	0	0.06	nan	0	0	0	0	6928576
V350082740_L03_65-65	11192356	0	0	0	5815	0	0	0	11192356	0	100.0	nan	11186541	0	5609951	0	5576590	0	10662351	0	95.31	nan	11179624	0	6917	0	0.06	nan	0	0	0	0	11192356
V350082740_L03_66-66	7372197	0	0	0	8342	0	0	0	7372197	0	100.0	nan	7363855	0	3706766	0	3657089	0	6954905	0	94.45	nan	7359981	0	3874	0	0.05	nan	0	0	0	0	7372197
V350082740_L03_67-67	5459993	0	0	0	7123	0	0	0	5459993	0	100.0	nan	5452870	0	2734255	0	2718615	0	5193102	0	95.24	nan	5448090	0	4780	0	0.09	nan	0	0	0	0	5459993
V350082740_L03_68-68	3053697	0	0	0	6222	0	0	0	3053697	0	100.0	nan	3047475	0	1532876	0	1514599	0	2763869	0	90.69	nan	3034337	0	13138	0	0.43	nan	0	0	0	0	3053697
V350082740_L03_69-69	6400659	0	0	0	8052	0	0	0	6400659	0	100.0	nan	6392607	0	3205688	0	3186919	0	6054900	0	94.72	nan	6389008	0	3599	0	0.06	nan	0	0	0	0	6400659
V350082740_L03_70-70	7853111	0	0	0	11750	0	0	0	7853111	0	100.0	nan	7841361	0	3928010	0	3913351	0	7420633	0	94.63	nan	7832812	0	8549	0	0.11	nan	0	0	0	0	7853111
V350082740_L03_71-71	2460084	0	0	0	3454	0	0	0	2460084	0	100.0	nan	2456630	0	1236852	0	1219778	0	2218095	0	90.29	nan	2452682	0	3948	0	0.16	nan	0	0	0	0	2460084
V350082740_L03_72-72	5367166	0	0	0	6321	0	0	0	5367166	0	100.0	nan	5360845	0	2695778	0	2665067	0	4978490	0	92.87	nan	5357357	0	3488	0	0.07	nan	0	0	0	0	5367166
V350082740_L03_73-73	5194256	0	0	0	9018	0	0	0	5194256	0	100.0	nan	5185238	0	2597241	0	2587997	0	4364608	0	84.17	nan	5154262	0	30976	0	0.6	nan	0	0	0	0	5194256
V350082740_L03_74-74	5916571	0	0	0	25432	0	0	0	5916571	0	100.0	nan	5891139	0	2965392	0	2925747	0	4893336	0	83.06	nan	5848794	0	42345	0	0.72	nan	0	0	0	0	5916571
V350082740_L03_75-75	5478350	0	0	0	5306	0	0	0	5478350	0	100.0	nan	5473044	0	2743597	0	2729447	0	5156184	0	94.21	nan	5469006	0	4038	0	0.07	nan	0	0	0	0	5478350
V350082740_L03_76-76	2016691	0	0	0	7758	0	0	0	2016691	0	100.0	nan	2008933	0	1010890	0	998043	0	2005219	0	99.82	nan	2007031	0	1902	0	0.09	nan	0	0	0	0	2016691
V350082740_L03_77-77	2145849	0	0	0	3343	0	0	0	2145849	0	100.0	nan	2142506	0	1079824	0	1062682	0	2138422	0	99.81	nan	2140542	0	1964	0	0.09	nan	0	0	0	0	2145849
V350082740_L03_78-78	4223216	0	0	0	10657	0	0	0	4223216	0	100.0	nan	4212559	0	2117398	0	2095161	0	3904231	0	92.68	nan	4209715	0	2844	0	0.07	nan	0	0	0	0	4223216
V350082740_L03_79-79	5041392	0	0	0	6223	0	0	0	5041392	0	100.0	nan	5035169	0	2542847	0	2492322	0	4644857	0	92.25	nan	5030411	0	4758	0	0.09	nan	0	0	0	0	5041392
V350082740_L03_80-80	6915767	0	0	0	17643	0	0	0	6915767	0	100.0	nan	6898124	0	3469176	0	3428948	0	6405125	0	92.85	nan	6894241	0	3883	0	0.06	nan	0	0	0	0	6915767
V350082740_L03_81-81	4229508	0	0	0	3708	0	0	0	4229508	0	100.0	nan	4225800	0	2124279	0	2101521	0	4003448	0	94.74	nan	4223753	0	2047	0	0.05	nan	0	0	0	0	4229508
V350082740_L03_82-82	2158865	0	0	0	2325	0	0	0	2158865	0	100.0	nan	2156540	0	1085845	0	1070695	0	2004662	0	92.96	nan	2155244	0	1296	0	0.06	nan	0	0	0	0	2158865
V350082740_L03_83-83	5046090	0	0	0	4309	0	0	0	5046090	0	100.0	nan	5041781	0	2534829	0	2506952	0	4748033	0	94.17	nan	5037357	0	4424	0	0.09	nan	0	0	0	0	5046090
V350082740_L03_84-84	3669435	0	0	0	9064	0	0	0	3669435	0	100.0	nan	3660371	0	1845112	0	1815259	0	3358203	0	91.74	nan	3657636	0	2735	0	0.07	nan	0	0	0	0	3669435
V350082740_L03_85-85	7890278	0	0	0	5285	0	0	0	7890278	0	100.0	nan	7884993	0	3965987	0	3919006	0	7411393	0	93.99	nan	7879490	0	5503	0	0.07	nan	0	0	0	0	7890278
V350082740_L03_86-86	890185	0	0	0	2210	0	0	0	890185	0	100.0	nan	887975	0	446228	0	441747	0	787744	0	88.71	nan	887459	0	516	0	0.06	nan	0	0	0	0	890185
V350082740_L03_87-87	8351315	0	0	0	12394	0	0	0	8351315	0	100.0	nan	8338921	0	4196404	0	4142517	0	7878431	0	94.48	nan	8333939	0	4982	0	0.06	nan	0	0	0	0	8351315
V350082740_L03_88-88	3945439	0	0	0	12174	0	0	0	3945439	0	100.0	nan	3933265	0	1976268	0	1956997	0	3917881	0	99.61	nan	3930137	0	3128	0	0.08	nan	0	0	0	0	3945439
V350082740_L03_89-89	7373086	0	0	0	10622	0	0	0	7373086	0	100.0	nan	7362464	0	3704558	0	3657906	0	6849369	0	93.03	nan	7358387	0	4077	0	0.06	nan	0	0	0	0	7373086
V350082740_L03_90-90	5693836	0	0	0	12505	0	0	0	5693836	0	100.0	nan	5681331	0	2847718	0	2833613	0	5263620	0	92.65	nan	5673980	0	7351	0	0.13	nan	0	0	0	0	5693836
V350082740_L03_91-91	8732454	0	0	0	13417	0	0	0	8732454	0	100.0	nan	8719037	0	4366527	0	4352510	0	8311999	0	95.33	nan	8715634	0	3403	0	0.04	nan	0	0	0	0	8732454
V350082740_L03_92-92	2483525	0	0	0	1823	0	0	0	2483525	0	100.0	nan	2481702	0	1252595	0	1229107	0	2252202	0	90.75	nan	2480405	0	1297	0	0.05	nan	0	0	0	0	2483525
V350082740_L03_93-93	2777638	0	0	0	1755	0	0	0	2777638	0	100.0	nan	2775883	0	1401945	0	1373938	0	2513687	0	90.55	nan	2773713	0	2170	0	0.08	nan	0	0	0	0	2777638
V350082740_L03_94-94	1241122	0	0	0	904	0	0	0	1241122	0	100.0	nan	1240218	0	624207	0	616011	0	1098176	0	88.55	nan	1239100	0	1118	0	0.09	nan	0	0	0	0	1241122
V350082740_L03_95-95	5509359	0	0	0	8616	0	0	0	5509359	0	100.0	nan	5500743	0	2767117	0	2733626	0	5117818	0	93.04	nan	5498117	0	2626	0	0.05	nan	0	0	0	0	5509359
V350082740_L03_96-96	7669786	0	0	0	6912	0	0	0	7669786	0	100.0	nan	7662874	0	3861363	0	3801511	0	7327480	0	95.62	nan	7658498	0	4376	0	0.06	nan	0	0	0	0	7669786
V350082740_L03_97-97	14356	0	0	0	238	0	0	0	14356	0	100.0	nan	14118	0	9837	0	4281	0	7986	0	56.57	nan	9041	0	5077	0	35.96	nan	0	0	0	0	14356
V350082740_L03_98-98	11305	0	0	0	132	0	0	0	11305	0	100.0	nan	11173	0	7664	0	3509	0	6805	0	60.91	nan	7400	0	3773	0	33.77	nan	0	0	0	0	11305
V350082740_L03_99-99	9225	0	0	0	159	0	0	0	9225	0	100.0	nan	9066	0	6511	0	2555	0	5115	0	56.42	nan	5494	0	3572	0	39.4	nan	0	0	0	0	9225
V350082740_L04_01-01	2024892	0	0	0	7317	0	0	0	2024892	0	100.0	nan	2017575	0	1015240	0	1002335	0	1834555	0	90.93	nan	2016152	0	1423	0	0.07	nan	0	0	0	0	2024892
V350082740_L04_02-02	2988677	0	0	0	12966	0	0	0	2988677	0	100.0	nan	2975711	0	1492528	0	1483183	0	2794776	0	93.92	nan	2973781	0	1930	0	0.06	nan	0	0	0	0	2988677
V350082740_L04_03-03	536408	0	0	0	9028	0	0	0	536408	0	100.0	nan	527380	0	273611	0	253769	0	484011	0	91.78	nan	515714	0	11666	0	2.21	nan	0	0	0	0	536408
V350082740_L04_04-04	11110059	0	0	0	18131	0	0	0	11110059	0	100.0	nan	11091928	0	5562942	0	5528986	0	10634752	0	95.88	nan	11084574	0	7354	0	0.07	nan	0	0	0	0	11110059
V350082740_L04_05-05	5921255	0	0	0	10125	0	0	0	5921255	0	100.0	nan	5911130	0	2963231	0	2947899	0	5633303	0	95.3	nan	5907529	0	3601	0	0.06	nan	0	0	0	0	5921255
V350082740_L04_06-06	5067180	0	0	0	5659	0	0	0	5067180	0	100.0	nan	5061521	0	2527211	0	2534310	0	4808886	0	95.01	nan	5058282	0	3239	0	0.06	nan	0	0	0	0	5067180
V350082740_L04_07-07	5729834	0	0	0	8363	0	0	0	5729834	0	100.0	nan	5721471	0	2877374	0	2844097	0	5375628	0	93.96	nan	5717516	0	3955	0	0.07	nan	0	0	0	0	5729834
V350082740_L04_08-08	1768448	0	0	0	1634	0	0	0	1768448	0	100.0	nan	1766814	0	894943	0	871871	0	1577743	0	89.3	nan	1765433	0	1381	0	0.08	nan	0	0	0	0	1768448
V350082740_L04_09-09	2258381	0	0	0	1956	0	0	0	2258381	0	100.0	nan	2256425	0	1141132	0	1115293	0	1990436	0	88.21	nan	2255063	0	1362	0	0.06	nan	0	0	0	0	2258381
V350082740_L04_10-10	4605257	0	0	0	3179	0	0	0	4605257	0	100.0	nan	4602078	0	2312468	0	2289610	0	4253541	0	92.43	nan	4599215	0	2863	0	0.06	nan	0	0	0	0	4605257
V350082740_L04_100-100	15134	0	0	0	62	0	0	0	15134	0	100.0	nan	15072	0	10460	0	4612	0	9132	0	60.59	nan	9898	0	5174	0	34.33	nan	0	0	0	0	15134
V350082740_L04_101-101	12555	0	0	0	60	0	0	0	12555	0	100.0	nan	12495	0	8919	0	3576	0	7663	0	61.33	nan	8279	0	4216	0	33.74	nan	0	0	0	0	12555
V350082740_L04_102-102	8681	0	0	0	59	0	0	0	8681	0	100.0	nan	8622	0	6606	0	2016	0	4205	0	48.77	nan	4627	0	3995	0	46.33	nan	0	0	0	0	8681
V350082740_L04_103-103	18199	0	0	0	61	0	0	0	18199	0	100.0	nan	18138	0	12525	0	5613	0	11527	0	63.55	nan	12515	0	5623	0	31.0	nan	0	0	0	0	18199
V350082740_L04_104-104	17903	0	0	0	50	0	0	0	17903	0	100.0	nan	17853	0	11721	0	6132	0	12252	0	68.63	nan	13204	0	4649	0	26.04	nan	0	0	0	0	17903
V350082740_L04_11-11	7181418	0	0	0	4886	0	0	0	7181418	0	100.0	nan	7176532	0	3606236	0	3570296	0	6779644	0	94.47	nan	7172679	0	3853	0	0.05	nan	0	0	0	0	7181418
V350082740_L04_12-12	4644165	0	0	0	3399	0	0	0	4644165	0	100.0	nan	4640766	0	2347882	0	2292884	0	4329213	0	93.29	nan	4637207	0	3559	0	0.08	nan	0	0	0	0	4644165
V350082740_L04_13-13	6680434	0	0	0	6549	0	0	0	6680434	0	100.0	nan	6673885	0	3373196	0	3300689	0	6198216	0	92.87	nan	6669766	0	4119	0	0.06	nan	0	0	0	0	6680434
V350082740_L04_14-14	1343137	0	0	0	1920	0	0	0	1343137	0	100.0	nan	1341217	0	674332	0	666885	0	1231556	0	91.82	nan	1340224	0	993	0	0.07	nan	0	0	0	0	1343137
V350082740_L04_15-15	5601655	0	0	0	9641	0	0	0	5601655	0	100.0	nan	5592014	0	2809750	0	2782264	0	5292408	0	94.64	nan	5589247	0	2767	0	0.05	nan	0	0	0	0	5601655
V350082740_L04_16-16	3320289	0	0	0	4498	0	0	0	3320289	0	100.0	nan	3315791	0	1664380	0	1651411	0	3066691	0	92.49	nan	3313034	0	2757	0	0.08	nan	0	0	0	0	3320289
V350082740_L04_17-17	6294852	0	0	0	11509	0	0	0	6294852	0	100.0	nan	6283343	0	3149432	0	3133911	0	5744371	0	91.42	nan	6266523	0	16820	0	0.27	nan	0	0	0	0	6294852
V350082740_L04_18-18	1545245	0	0	0	4684	0	0	0	1545245	0	100.0	nan	1540561	0	772104	0	768457	0	1458810	0	94.69	nan	1538676	0	1885	0	0.12	nan	0	0	0	0	1545245
V350082740_L04_19-19	3790134	0	0	0	7470	0	0	0	3790134	0	100.0	nan	3782664	0	1901431	0	1881233	0	3545104	0	93.72	nan	3778702	0	3962	0	0.1	nan	0	0	0	0	3790134
V350082740_L04_20-20	6209363	0	0	0	7193	0	0	0	6209363	0	100.0	nan	6202170	0	3115020	0	3087150	0	5694217	0	91.81	nan	6185013	0	17157	0	0.28	nan	0	0	0	0	6209363
V350082740_L04_21-21	5182801	0	0	0	3472	0	0	0	5182801	0	100.0	nan	5179329	0	2599504	0	2579825	0	4786251	0	92.41	nan	5175885	0	3444	0	0.07	nan	0	0	0	0	5182801
V350082740_L04_22-22	7605418	0	0	0	4994	0	0	0	7605418	0	100.0	nan	7600424	0	3809584	0	3790840	0	7258605	0	95.5	nan	7597308	0	3116	0	0.04	nan	0	0	0	0	7605418
V350082740_L04_23-23	7814113	0	0	0	12759	0	0	0	7814113	0	100.0	nan	7801354	0	3913533	0	3887821	0	7436225	0	95.32	nan	7797371	0	3983	0	0.05	nan	0	0	0	0	7814113
V350082740_L04_24-24	3168657	0	0	0	9392	0	0	0	3168657	0	100.0	nan	3159265	0	1598610	0	1560655	0	2842850	0	89.98	nan	3157036	0	2229	0	0.07	nan	0	0	0	0	3168657
V350082740_L04_25-25	5187886	0	0	0	6910	0	0	0	5187886	0	100.0	nan	5180976	0	2593960	0	2587016	0	4915659	0	94.88	nan	5178446	0	2530	0	0.05	nan	0	0	0	0	5187886
V350082740_L04_26-26	7147890	0	0	0	5005	0	0	0	7147890	0	100.0	nan	7142885	0	3585744	0	3557141	0	6790490	0	95.07	nan	7139155	0	3730	0	0.05	nan	0	0	0	0	7147890
V350082740_L04_27-27	6281277	0	0	0	7084	0	0	0	6281277	0	100.0	nan	6274193	0	3146077	0	3128116	0	5903762	0	94.1	nan	6269516	0	4677	0	0.07	nan	0	0	0	0	6281277
V350082740_L04_28-28	5606287	0	0	0	5019	0	0	0	5606287	0	100.0	nan	5601268	0	2819373	0	2781895	0	5194625	0	92.74	nan	5597783	0	3485	0	0.06	nan	0	0	0	0	5606287
V350082740_L04_29-29	9507188	0	0	0	5359	0	0	0	9507188	0	100.0	nan	9501829	0	4771797	0	4730032	0	9016146	0	94.89	nan	9496083	0	5746	0	0.06	nan	0	0	0	0	9507188
V350082740_L04_30-30	7205245	0	0	0	8180	0	0	0	7205245	0	100.0	nan	7197065	0	3624087	0	3572978	0	6812805	0	94.66	nan	7193547	0	3518	0	0.05	nan	0	0	0	0	7205245
V350082740_L04_31-31	2575029	0	0	0	1811	0	0	0	2575029	0	100.0	nan	2573218	0	1297001	0	1276217	0	2322643	0	90.26	nan	2571358	0	1860	0	0.07	nan	0	0	0	0	2575029
V350082740_L04_32-32	9093648	0	0	0	9203	0	0	0	9093648	0	100.0	nan	9084445	0	4561339	0	4523106	0	8511097	0	93.69	nan	9078976	0	5469	0	0.06	nan	0	0	0	0	9093648
V350082740_L04_33-33	4122034	0	0	0	4135	0	0	0	4122034	0	100.0	nan	4117899	0	2066851	0	2051048	0	3762175	0	91.36	nan	4114824	0	3075	0	0.07	nan	0	0	0	0	4122034
V350082740_L04_34-34	4792087	0	0	0	10798	0	0	0	4792087	0	100.0	nan	4781289	0	2396859	0	2384430	0	4484847	0	93.8	nan	4778346	0	2943	0	0.06	nan	0	0	0	0	4792087
V350082740_L04_35-35	3011468	0	0	0	1249	0	0	0	3011468	0	100.0	nan	3010219	0	1521309	0	1488910	0	2609827	0	86.7	nan	3008067	0	2152	0	0.07	nan	0	0	0	0	3011468
V350082740_L04_36-36	5090626	0	0	0	4797	0	0	0	5090626	0	100.0	nan	5085829	0	2549471	0	2536358	0	4838279	0	95.13	nan	5082833	0	2996	0	0.06	nan	0	0	0	0	5090626
V350082740_L04_37-37	6015431	0	0	0	6639	0	0	0	6015431	0	100.0	nan	6008792	0	3014396	0	2994396	0	5690763	0	94.71	nan	6005580	0	3212	0	0.05	nan	0	0	0	0	6015431
V350082740_L04_38-38	2604508	0	0	0	5609	0	0	0	2604508	0	100.0	nan	2598899	0	1318450	0	1280449	0	2387750	0	91.88	nan	2595816	0	3083	0	0.12	nan	0	0	0	0	2604508
V350082740_L04_39-39	2671385	0	0	0	1433	0	0	0	2671385	0	100.0	nan	2669952	0	1348633	0	1321319	0	2356877	0	88.27	nan	2667729	0	2223	0	0.08	nan	0	0	0	0	2671385
V350082740_L04_40-40	887237	0	0	0	700	0	0	0	887237	0	100.0	nan	886537	0	446978	0	439559	0	797042	0	89.91	nan	885738	0	799	0	0.09	nan	0	0	0	0	887237
V350082740_L04_41-41	2433840	0	0	0	1583	0	0	0	2433840	0	100.0	nan	2432257	0	1231023	0	1201234	0	2110623	0	86.78	nan	2430573	0	1684	0	0.07	nan	0	0	0	0	2433840
V350082740_L04_42-42	3344949	0	0	0	1537	0	0	0	3344949	0	100.0	nan	3343412	0	1689694	0	1653718	0	2834095	0	84.77	nan	3341271	0	2141	0	0.06	nan	0	0	0	0	3344949
V350082740_L04_43-43	2800240	0	0	0	1792	0	0	0	2800240	0	100.0	nan	2798448	0	1423027	0	1375421	0	2375161	0	84.87	nan	2796089	0	2359	0	0.08	nan	0	0	0	0	2800240
V350082740_L04_44-44	3945695	0	0	0	3604	0	0	0	3945695	0	100.0	nan	3942091	0	1991277	0	1950814	0	3542127	0	89.85	nan	3939739	0	2352	0	0.06	nan	0	0	0	0	3945695
V350082740_L04_45-45	2460402	0	0	0	4292	0	0	0	2460402	0	100.0	nan	2456110	0	1238172	0	1217938	0	2198515	0	89.51	nan	2452506	0	3604	0	0.15	nan	0	0	0	0	2460402
V350082740_L04_46-46	1881733	0	0	0	1067	0	0	0	1881733	0	100.0	nan	1880666	0	951670	0	928996	0	1650126	0	87.74	nan	1879307	0	1359	0	0.07	nan	0	0	0	0	1881733
V350082740_L04_47-47	903854	0	0	0	430	0	0	0	903854	0	100.0	nan	903424	0	457109	0	446315	0	776959	0	86.0	nan	902882	0	542	0	0.06	nan	0	0	0	0	903854
V350082740_L04_48-48	2039600	0	0	0	1147	0	0	0	2039600	0	100.0	nan	2038453	0	1032431	0	1006022	0	1832484	0	89.9	nan	2036695	0	1758	0	0.09	nan	0	0	0	0	2039600
V350082740_L04_49-49	3148303	0	0	0	3398	0	0	0	3148303	0	100.0	nan	3144905	0	1580978	0	1563927	0	2925408	0	93.02	nan	3142898	0	2007	0	0.06	nan	0	0	0	0	3148303
V350082740_L04_50-50	9489853	0	0	0	11198	0	0	0	9489853	0	100.0	nan	9478655	0	4747348	0	4731307	0	8959693	0	94.52	nan	9471489	0	7166	0	0.08	nan	0	0	0	0	9489853
V350082740_L04_51-51	4909376	0	0	0	3989	0	0	0	4909376	0	100.0	nan	4905387	0	2468710	0	2436677	0	4614518	0	94.07	nan	4902321	0	3066	0	0.06	nan	0	0	0	0	4909376
V350082740_L04_52-52	4755081	0	0	0	4351	0	0	0	4755081	0	100.0	nan	4750730	0	2385053	0	2365677	0	4413209	0	92.9	nan	4748490	0	2240	0	0.05	nan	0	0	0	0	4755081
V350082740_L04_53-53	3422235	0	0	0	20052	0	0	0	3422235	0	100.0	nan	3402183	0	1719053	0	1683130	0	3381246	0	99.38	nan	3388653	0	13530	0	0.4	nan	0	0	0	0	3422235
V350082740_L04_54-54	7372987	0	0	0	7394	0	0	0	7372987	0	100.0	nan	7365593	0	3700763	0	3664830	0	7024667	0	95.37	nan	7361518	0	4075	0	0.06	nan	0	0	0	0	7372987
V350082740_L04_55-55	9149846	0	0	0	6545	0	0	0	9149846	0	100.0	nan	9143301	0	4590767	0	4552534	0	8610044	0	94.17	nan	9137138	0	6163	0	0.07	nan	0	0	0	0	9149846
V350082740_L04_56-56	7094891	0	0	0	14916	0	0	0	7094891	0	100.0	nan	7079975	0	3549774	0	3530201	0	5991498	0	84.63	nan	7023353	0	56622	0	0.8	nan	0	0	0	0	7094891
V350082740_L04_57-57	6054186	0	0	0	8256	0	0	0	6054186	0	100.0	nan	6045930	0	3032651	0	3013279	0	5665160	0	93.7	nan	6043236	0	2694	0	0.04	nan	0	0	0	0	6054186
V350082740_L04_58-58	9138700	0	0	0	15267	0	0	0	9138700	0	100.0	nan	9123433	0	4578962	0	4544471	0	8642396	0	94.73	nan	9117442	0	5991	0	0.07	nan	0	0	0	0	9138700
V350082740_L04_59-59	12889608	0	0	0	21290	0	0	0	12889608	0	100.0	nan	12868318	0	6440758	0	6427560	0	12349622	0	95.97	nan	12859847	0	8471	0	0.07	nan	0	0	0	0	12889608
V350082740_L04_60-60	10945413	0	0	0	21727	0	0	0	10945413	0	100.0	nan	10923686	0	5465405	0	5458281	0	10470697	0	95.85	nan	10915648	0	8038	0	0.07	nan	0	0	0	0	10945413
V350082740_L04_61-61	1521112	0	0	0	5815	0	0	0	1521112	0	100.0	nan	1515297	0	769017	0	746280	0	1508641	0	99.56	nan	1510592	0	4705	0	0.31	nan	0	0	0	0	1521112
V350082740_L04_62-62	6771797	0	0	0	12843	0	0	0	6771797	0	100.0	nan	6758954	0	3391892	0	3367062	0	6449443	0	95.42	nan	6754762	0	4192	0	0.06	nan	0	0	0	0	6771797
V350082740_L04_63-63	3698220	0	0	0	6084	0	0	0	3698220	0	100.0	nan	3692136	0	1855476	0	1836660	0	3402897	0	92.17	nan	3689674	0	2462	0	0.07	nan	0	0	0	0	3698220
V350082740_L04_64-64	6499261	0	0	0	4354	0	0	0	6499261	0	100.0	nan	6494907	0	3260708	0	3234199	0	6193420	0	95.36	nan	6491139	0	3768	0	0.06	nan	0	0	0	0	6499261
V350082740_L04_65-65	10595199	0	0	0	5790	0	0	0	10595199	0	100.0	nan	10589409	0	5302302	0	5287107	0	10100837	0	95.39	nan	10582672	0	6737	0	0.06	nan	0	0	0	0	10595199
V350082740_L04_66-66	6979825	0	0	0	8026	0	0	0	6979825	0	100.0	nan	6971799	0	3504886	0	3466913	0	6591092	0	94.54	nan	6968213	0	3586	0	0.05	nan	0	0	0	0	6979825
V350082740_L04_67-67	5149677	0	0	0	7003	0	0	0	5149677	0	100.0	nan	5142674	0	2574616	0	2568058	0	4908027	0	95.44	nan	5138378	0	4296	0	0.08	nan	0	0	0	0	5149677
V350082740_L04_68-68	2716058	0	0	0	5267	0	0	0	2716058	0	100.0	nan	2710791	0	1362226	0	1348565	0	2239834	0	82.63	nan	2693816	0	16975	0	0.63	nan	0	0	0	0	2716058
V350082740_L04_69-69	6039455	0	0	0	7634	0	0	0	6039455	0	100.0	nan	6031821	0	3020709	0	3011112	0	5718072	0	94.8	nan	6028171	0	3650	0	0.06	nan	0	0	0	0	6039455
V350082740_L04_70-70	7452647	0	0	0	10971	0	0	0	7452647	0	100.0	nan	7441676	0	3723047	0	3718629	0	7051320	0	94.75	nan	7433473	0	8203	0	0.11	nan	0	0	0	0	7452647
V350082740_L04_71-71	2313832	0	0	0	3075	0	0	0	2313832	0	100.0	nan	2310757	0	1161189	0	1149568	0	2110667	0	91.34	nan	2308090	0	2667	0	0.12	nan	0	0	0	0	2313832
V350082740_L04_72-72	5075478	0	0	0	6010	0	0	0	5075478	0	100.0	nan	5069468	0	2545214	0	2524254	0	4710163	0	92.91	nan	5066061	0	3407	0	0.07	nan	0	0	0	0	5075478
V350082740_L04_73-73	4701624	0	0	0	7545	0	0	0	4701624	0	100.0	nan	4694079	0	2349181	0	2344898	0	4112386	0	87.61	nan	4675636	0	18443	0	0.39	nan	0	0	0	0	4701624
V350082740_L04_74-74	5494932	0	0	0	24126	0	0	0	5494932	0	100.0	nan	5470806	0	2752533	0	2718273	0	4643191	0	84.87	nan	5438522	0	32284	0	0.59	nan	0	0	0	0	5494932
V350082740_L04_75-75	5159725	0	0	0	5313	0	0	0	5159725	0	100.0	nan	5154412	0	2579267	0	2575145	0	4864018	0	94.37	nan	5150647	0	3765	0	0.07	nan	0	0	0	0	5159725
V350082740_L04_76-76	1804856	0	0	0	7225	0	0	0	1804856	0	100.0	nan	1797631	0	903720	0	893911	0	1640521	0	91.26	nan	1792469	0	5162	0	0.29	nan	0	0	0	0	1804856
V350082740_L04_77-77	1981520	0	0	0	3072	0	0	0	1981520	0	100.0	nan	1978448	0	996626	0	981822	0	1974952	0	99.82	nan	1976810	0	1638	0	0.08	nan	0	0	0	0	1981520
V350082740_L04_78-78	3986451	0	0	0	9942	0	0	0	3986451	0	100.0	nan	3976509	0	1994709	0	1981800	0	3690721	0	92.81	nan	3973857	0	2652	0	0.07	nan	0	0	0	0	3986451
V350082740_L04_79-79	4745485	0	0	0	6004	0	0	0	4745485	0	100.0	nan	4739481	0	2389136	0	2350345	0	4381388	0	92.44	nan	4735328	0	4153	0	0.09	nan	0	0	0	0	4745485
V350082740_L04_80-80	6565358	0	0	0	16945	0	0	0	6565358	0	100.0	nan	6548413	0	3288613	0	3259800	0	6085009	0	92.92	nan	6544456	0	3957	0	0.06	nan	0	0	0	0	6565358
V350082740_L04_81-81	3985328	0	0	0	3856	0	0	0	3985328	0	100.0	nan	3981472	0	1998173	0	1983299	0	3774290	0	94.8	nan	3979471	0	2001	0	0.05	nan	0	0	0	0	3985328
V350082740_L04_82-82	2032764	0	0	0	2150	0	0	0	2032764	0	100.0	nan	2030614	0	1020504	0	1010110	0	1890393	0	93.09	nan	2029325	0	1289	0	0.06	nan	0	0	0	0	2032764
V350082740_L04_83-83	4750386	0	0	0	4061	0	0	0	4750386	0	100.0	nan	4746325	0	2382098	0	2364227	0	4477201	0	94.33	nan	4742383	0	3942	0	0.08	nan	0	0	0	0	4750386
V350082740_L04_84-84	3438767	0	0	0	8597	0	0	0	3438767	0	100.0	nan	3430170	0	1724287	0	1705883	0	3151884	0	91.89	nan	3427792	0	2378	0	0.07	nan	0	0	0	0	3438767
V350082740_L04_85-85	7499588	0	0	0	5273	0	0	0	7499588	0	100.0	nan	7494315	0	3764989	0	3729326	0	7051112	0	94.09	nan	7489132	0	5183	0	0.07	nan	0	0	0	0	7499588
V350082740_L04_86-86	847424	0	0	0	2047	0	0	0	847424	0	100.0	nan	845377	0	424011	0	421366	0	752742	0	89.04	nan	844885	0	492	0	0.06	nan	0	0	0	0	847424
V350082740_L04_87-87	7942919	0	0	0	11889	0	0	0	7942919	0	100.0	nan	7931030	0	3988039	0	3942991	0	7501447	0	94.58	nan	7926258	0	4772	0	0.06	nan	0	0	0	0	7942919
V350082740_L04_88-88	3707829	0	0	0	11646	0	0	0	3707829	0	100.0	nan	3696183	0	1857281	0	1838902	0	3681626	0	99.61	nan	3693274	0	2909	0	0.08	nan	0	0	0	0	3707829
V350082740_L04_89-89	7001531	0	0	0	10457	0	0	0	7001531	0	100.0	nan	6991074	0	3514570	0	3476504	0	6510900	0	93.13	nan	6986828	0	4246	0	0.06	nan	0	0	0	0	7001531
V350082740_L04_90-90	5378366	0	0	0	11655	0	0	0	5378366	0	100.0	nan	5366711	0	2686767	0	2679944	0	4987723	0	92.94	nan	5360563	0	6148	0	0.11	nan	0	0	0	0	5378366
V350082740_L04_91-91	8112302	0	0	0	12444	0	0	0	8112302	0	100.0	nan	8099858	0	4046785	0	4053073	0	7730969	0	95.45	nan	8097110	0	2748	0	0.03	nan	0	0	0	0	8112302
V350082740_L04_92-92	2341488	0	0	0	1758	0	0	0	2341488	0	100.0	nan	2339730	0	1178418	0	1161312	0	2127060	0	90.91	nan	2338558	0	1172	0	0.05	nan	0	0	0	0	2341488
V350082740_L04_93-93	2639519	0	0	0	1723	0	0	0	2639519	0	100.0	nan	2637796	0	1330771	0	1307025	0	2392385	0	90.7	nan	2635759	0	2037	0	0.08	nan	0	0	0	0	2639519
V350082740_L04_94-94	1175161	0	0	0	908	0	0	0	1175161	0	100.0	nan	1174253	0	589435	0	584818	0	1042329	0	88.77	nan	1173274	0	979	0	0.08	nan	0	0	0	0	1175161
V350082740_L04_95-95	5179080	0	0	0	8140	0	0	0	5179080	0	100.0	nan	5170940	0	2597681	0	2573259	0	4814399	0	93.1	nan	5168461	0	2479	0	0.05	nan	0	0	0	0	5179080
V350082740_L04_96-96	7306488	0	0	0	6704	0	0	0	7306488	0	100.0	nan	7299784	0	3678901	0	3620883	0	6981755	0	95.64	nan	7295511	0	4273	0	0.06	nan	0	0	0	0	7306488
V350082740_L04_97-97	17117	0	0	0	68	0	0	0	17117	0	100.0	nan	17049	0	12111	0	4938	0	9650	0	56.6	nan	10836	0	6213	0	36.44	nan	0	0	0	0	17117
V350082740_L04_98-98	13295	0	0	0	41	0	0	0	13295	0	100.0	nan	13254	0	9260	0	3994	0	8123	0	61.29	nan	8648	0	4606	0	34.75	nan	0	0	0	0	13295
V350082740_L04_99-99	9944	0	0	0	54	0	0	0	9944	0	100.0	nan	9890	0	7256	0	2634	0	5461	0	55.22	nan	5769	0	4121	0	41.67	nan	0	0	0	0	9944
