Sample	raw_total_sequences	filtered_sequences	sequences	is_sorted	1st_fragments	last_fragments	reads_mapped	reads_mapped_and_paired	reads_unmapped	reads_properly_paired	reads_paired	reads_duplicated	reads_MQ0	reads_QC_failed	non-primary_alignments	supplementary_alignments	total_length	total_first_fragment_length	total_last_fragment_length	bases_mapped	bases_mapped_(cigar)	bases_trimmed	bases_duplicated	mismatches	error_rate	average_length	average_first_fragment_length	average_last_fragment_length	maximum_length	maximum_first_fragment_length	maximum_last_fragment_length	average_quality	insert_size_average	insert_size_standard_deviation	inward_oriented_pairs	outward_oriented_pairs	pairs_with_other_orientation	pairs_on_different_chromosomes	percentage_of_properly_paired_reads_(%)	reads_mapped_percent	reads_mapped_and_paired_percent	reads_unmapped_percent	reads_properly_paired_percent	reads_paired_percent	reads_duplicated_percent	reads_MQ0_percent	reads_QC_failed_percent
V350082740_L14_01-01	8772892.0	0.0	8772892.0	0.0	4386446.0	4386446.0	8753476.0	8745700.0	19416.0	7836658.0	8772892.0	0.0	52.0	0.0	0.0	35776.0	876986344.0	438493172.0	438493172.0	875112858.0	873836950.0	0.0	0.0	4685763.0	0.005362285	99.0	100.0	100.0	100.0	100.0	100.0	35.0	209.1	67.0	4359716.0	12171.0	963.0	0.0	89.3	99.77868187594238	99.69004519832228	0.22131812405760837	89.32810297904044	100.0	0.0	0.0005927349840850656	0.0
V350082740_L14_02-02	12773678.0	0.0	12773678.0	0.0	6386839.0	6386839.0	12746443.0	12736806.0	27235.0	11853080.0	12773678.0	0.0	114.0	0.0	0.0	75158.0	1276899750.0	638449875.0	638449875.0	1274290224.0	1272984285.0	0.0	0.0	6272614.0	0.004927487	99.0	100.0	100.0	100.0	100.0	100.0	35.4	201.4	55.2	6357328.0	9605.0	1470.0	0.0	92.8	99.78678811224144	99.7113439058038	0.213211887758561	92.79300762082777	100.0	0.0	0.0008924602608583057	0.0
V350082740_L14_03-03	10264142.0	0.0	10264142.0	0.0	5132071.0	5132071.0	3804518.0	3747442.0	6459624.0	3607596.0	10264142.0	0.0	1891.0	0.0	0.0	40929.0	849363010.0	424681505.0	424681505.0	216491988.0	125840437.0	0.0	0.0	811951.0	0.006452227	82.0	83.0	83.0	100.0	100.0	100.0	34.9	34.8	27.0	696435.0	1173602.0	3684.0	0.0	35.1	37.06610839951357	36.510036591465706	62.93389160048643	35.147565183724076	100.0	0.0	0.018423361640943783	0.0
V350082740_L14_04-04	47715530.0	0.0	47715530.0	0.0	23857765.0	23857765.0	47288027.0	47250870.0	427503.0	45080458.0	47715530.0	0.0	294.0	0.0	0.0	87724.0	4765826336.0	2382913168.0	2382913168.0	4724219364.0	4715202488.0	0.0	0.0	25135703.0	0.005330779	99.0	100.0	100.0	100.0	100.0	100.0	35.5	195.1	42.0	23571888.0	48136.0	5411.0	0.0	94.5	99.1040589929526	99.02618707158865	0.8959410070473911	94.47753802587962	100.0	0.0	0.0006161515967652461	0.0
V350082740_L14_05-05	25306234.0	0.0	25306234.0	0.0	12653117.0	12653117.0	25230302.0	25210626.0	75932.0	23882022.0	25306234.0	0.0	173.0	0.0	0.0	50419.0	2528290734.0	1264145367.0	1264145367.0	2521195081.0	2516481868.0	0.0	0.0	13447582.0	0.005343803	99.0	100.0	100.0	100.0	100.0	100.0	35.5	196.9	45.5	12581638.0	20822.0	2853.0	0.0	94.4	99.69994745168324	99.62219585893341	0.3000525483167507	94.37209029206005	100.0	0.0	0.0006836260187904688	0.0
V350082740_L14_06-06	21795138.0	0.0	21795138.0	0.0	10897569.0	10897569.0	21751835.0	21735640.0	43303.0	20503740.0	21795138.0	0.0	194.0	0.0	0.0	26327.0	2178914974.0	1089457487.0	1089457487.0	2174720810.0	2171389217.0	0.0	0.0	12001348.0	0.005527037	99.0	100.0	100.0	100.0	100.0	100.0	35.4	198.2	47.7	10856373.0	9161.0	2286.0	0.0	94.1	99.80131807378324	99.7270125107719	0.19868192621675532	94.0748344883157	100.0	0.0	0.0008901067751899529	0.0
V350082740_L14_07-07	24650158.0	0.0	24650158.0	0.0	12325079.0	12325079.0	24594757.0	24574896.0	55401.0	22884850.0	24650158.0	0.0	202.0	0.0	0.0	41322.0	2463671542.0	1231835771.0	1231835771.0	2458429924.0	2454518733.0	0.0	0.0	13557368.0	0.005523432	99.0	100.0	100.0	100.0	100.0	100.0	35.2	201.9	55.2	12270188.0	13490.0	3770.0	0.0	92.8	99.77525093348287	99.69467944181129	0.22474906651713958	92.83855300237832	100.0	0.0	0.0008194673640631431	0.0
V350082740_L14_08-08	7727300.0	0.0	7727300.0	0.0	3863650.0	3863650.0	7711871.0	7705064.0	15429.0	6758028.0	7727300.0	0.0	49.0	0.0	0.0	8533.0	772517274.0	386258637.0	386258637.0	771032838.0	769907875.0	0.0	0.0	4102930.0	0.005329118	99.0	100.0	100.0	100.0	100.0	100.0	35.0	214.1	72.7	3849098.0	2522.0	912.0	0.0	87.5	99.80033129294837	99.71224101561994	0.19966870705162218	87.45652427109081	100.0	0.0	0.0006341154090044388	0.0
V350082740_L14_09-09	9875716.0	0.0	9875716.0	0.0	4937858.0	4937858.0	9855707.0	9847868.0	20009.0	8533186.0	9875716.0	0.0	72.0	0.0	0.0	9571.0	987251050.0	493625525.0	493625525.0	985336726.0	984088824.0	0.0	0.0	4917340.0	0.004996845	99.0	100.0	100.0	100.0	100.0	100.0	35.1	216.6	75.7	4918603.0	4241.0	1090.0	0.0	86.4	99.79739190555905	99.71801538237835	0.2026080944409499	86.40574516318614	100.0	0.0	0.0007290610625092904	0.0
V350082740_L14_10-10	19805864.0	0.0	19805864.0	0.0	9902932.0	9902932.0	19769768.0	19754910.0	36096.0	18065066.0	19805864.0	0.0	117.0	0.0	0.0	13796.0	1980107558.0	990053779.0	990053779.0	1976594997.0	1973903064.0	0.0	0.0	9420556.0	0.004772552	99.0	100.0	100.0	100.0	100.0	100.0	35.3	205.7	61.4	9868048.0	7438.0	1969.0	0.0	91.2	99.81775094487168	99.74273275833863	0.18224905512831957	91.21069396417141	100.0	0.0	0.0005907341381320199	0.0
V350082740_L14_11-11	30700384.0	0.0	30700384.0	0.0	15350192.0	15350192.0	30640265.0	30620188.0	60119.0	28722910.0	30700384.0	0.0	232.0	0.0	0.0	22311.0	3068615250.0	1534307625.0	1534307625.0	3062931706.0	3059134942.0	0.0	0.0	14138424.0	0.004621706	99.0	100.0	100.0	100.0	100.0	100.0	35.5	199.6	50.2	15296326.0	10979.0	2789.0	0.0	93.6	99.80417508784255	99.73877851169549	0.19582491215745051	93.55879717986589	100.0	0.0	0.0007556908734431465	0.0
V350082740_L14_12-12	20088662.0	0.0	20088662.0	0.0	10044331.0	10044331.0	20043312.0	20025562.0	45350.0	18467752.0	20088662.0	0.0	159.0	0.0	0.0	14831.0	2008176116.0	1004088058.0	1004088058.0	2003810852.0	2001123598.0	0.0	0.0	9697106.0	0.004845831	99.0	100.0	100.0	100.0	100.0	100.0	35.2	204.7	59.1	10002196.0	8482.0	2103.0	0.0	91.9	99.77425076891632	99.68589247009085	0.22574923108368292	91.93121970990403	100.0	0.0	0.0007914912401831442	0.0
V350082740_L14_13-13	28931010.0	0.0	28931010.0	0.0	14465505.0	14465505.0	28874573.0	28853700.0	56437.0	26463654.0	28931010.0	0.0	183.0	0.0	0.0	32402.0	2892136314.0	1446068157.0	1446068157.0	2886733374.0	2883042600.0	0.0	0.0	13900460.0	0.004821455	99.0	100.0	100.0	100.0	100.0	100.0	35.2	205.6	60.8	14412287.0	11483.0	3080.0	0.0	91.5	99.80492557985359	99.73277808137358	0.19507442014641038	91.47158706177213	100.0	0.0	0.0006325392718747115	0.0
V350082740_L14_14-14	5780790.0	0.0	5780790.0	0.0	2890395.0	2890395.0	5718864.0	5713380.0	61926.0	5188998.0	5780790.0	0.0	40.0	0.0	0.0	9416.0	576641898.0	288320949.0	288320949.0	571202213.0	569972226.0	0.0	0.0	3195175.0	0.005605843	99.0	100.0	100.0	100.0	100.0	100.0	35.5	205.2	62.9	2848618.0	7210.0	862.0	0.0	89.8	98.92876233179202	98.83389640516262	1.0712376682079785	89.76278328740536	100.0	0.0	0.0006919469484274641	0.0
V350082740_L14_15-15	24032750.0	0.0	24032750.0	0.0	12016375.0	12016375.0	23976593.0	23961066.0	56157.0	22481860.0	24032750.0	0.0	135.0	0.0	0.0	50889.0	2402276030.0	1201138015.0	1201138015.0	2396893603.0	2393846208.0	0.0	0.0	12025788.0	0.005023626	99.0	100.0	100.0	100.0	100.0	100.0	35.3	200.6	52.4	11964407.0	13062.0	3064.0	0.0	93.5	99.76633136033122	99.70172368954864	0.2336686396687853	93.54676431120033	100.0	0.0	0.0005617334678719663	0.0
V350082740_L14_16-16	14403598.0	0.0	14403598.0	0.0	7201799.0	7201799.0	14369488.0	14355270.0	34110.0	13142642.0	14403598.0	0.0	116.0	0.0	0.0	23798.0	1439756142.0	719878071.0	719878071.0	1436495958.0	1434041799.0	0.0	0.0	7457203.0	0.005200129	99.0	100.0	100.0	100.0	100.0	100.0	35.4	205.3	60.9	7166774.0	9104.0	1757.0	0.0	91.2	99.76318417106614	99.66447272410686	0.2368158289338539	91.24554850808805	100.0	0.0	0.0008053543288281164	0.0
V350082740_L14_17-17	27764170.0	0.0	27764170.0	0.0	13882085.0	13882085.0	26830770.0	26712840.0	933400.0	24313328.0	27764170.0	0.0	242.0	0.0	0.0	53487.0	2699751018.0	1349875509.0	1349875509.0	2624314289.0	2607672741.0	0.0	0.0	14452188.0	0.005542178	97.0	97.0	97.0	100.0	100.0	100.0	35.5	191.9	55.7	13013929.0	338619.0	3872.0	0.0	87.6	96.63811307883506	96.21335699932683	3.36188692116494	87.57088002270552	100.0	0.0	0.00087162699263115	0.0
V350082740_L14_18-18	6639304.0	0.0	6639304.0	0.0	3319652.0	3319652.0	6597267.0	6587468.0	42037.0	6211760.0	6639304.0	0.0	56.0	0.0	0.0	21249.0	661987848.0	330993924.0	330993924.0	658329032.0	655316951.0	0.0	0.0	3594729.0	0.005485482	99.0	100.0	100.0	100.0	100.0	100.0	35.6	194.9	45.6	3277915.0	14047.0	1772.0	0.0	93.6	99.36684628388758	99.21925551232479	0.6331537161124118	93.56040934411197	100.0	0.0	0.0008434619050430587	0.0
V350082740_L14_19-19	16194972.0	0.0	16194972.0	0.0	8097486.0	8097486.0	16152191.0	16133472.0	42781.0	14995120.0	16194972.0	0.0	108.0	0.0	0.0	34765.0	1618603922.0	809301961.0	809301961.0	1614535264.0	1609955243.0	0.0	0.0	8469871.0	0.005260936	99.0	100.0	100.0	100.0	100.0	100.0	35.4	201.9	55.9	8052176.0	10951.0	3609.0	0.0	92.6	99.73583776495569	99.62025250800063	0.26416223504430886	92.59120670291989	100.0	0.0	0.0006668736444866962	0.0
V350082740_L14_20-20	29227168.0	0.0	29227168.0	0.0	14613584.0	14613584.0	26685856.0	26526362.0	2541312.0	24180162.0	29227168.0	0.0	251.0	0.0	0.0	33513.0	2829091692.0	1414545846.0	1414545846.0	2618894747.0	2593154945.0	0.0	0.0	14409746.0	0.00555684	96.0	97.0	97.0	100.0	100.0	100.0	35.4	190.8	54.2	12960284.0	299702.0	3195.0	0.0	82.7	91.30496666663018	90.75926206740249	8.69503333336983	82.73179939979131	100.0	0.0	0.0008587900134559734	0.0
V350082740_L14_21-21	22402290.0	0.0	22402290.0	0.0	11201145.0	11201145.0	22351230.0	22333618.0	51060.0	20436518.0	22402290.0	0.0	159.0	0.0	0.0	16185.0	2239321908.0	1119660954.0	1119660954.0	2234449018.0	2231577761.0	0.0	0.0	10853374.0	0.004863543	99.0	100.0	100.0	100.0	100.0	100.0	35.3	206.0	61.8	11158931.0	5993.0	1885.0	0.0	91.2	99.7720768724983	99.69345990967888	0.22792312750169735	91.22512921670062	100.0	0.0	0.0007097488694236169	0.0
V350082740_L14_22-22	33012564.0	0.0	33012564.0	0.0	16506282.0	16506282.0	32973748.0	32957842.0	38816.0	31215038.0	33012564.0	0.0	204.0	0.0	0.0	23646.0	3300563260.0	1650281630.0	1650281630.0	3296848477.0	3293036604.0	0.0	0.0	16358449.0	0.004967588	99.0	100.0	100.0	100.0	100.0	100.0	35.4	197.8	46.3	16469025.0	7720.0	2176.0	0.0	94.6	99.88242052328926	99.83423886735972	0.11757947671074565	94.55502456579865	100.0	0.0	0.0006179465490774967	0.0
V350082740_L14_23-23	33513124.0	0.0	33513124.0	0.0	16756562.0	16756562.0	33402794.0	33380506.0	110330.0	31589470.0	33513124.0	0.0	255.0	0.0	0.0	58516.0	3347990386.0	1673995193.0	1673995193.0	3337850198.0	3332570445.0	0.0	0.0	18066215.0	0.005421106	99.0	100.0	100.0	100.0	100.0	100.0	35.3	196.8	45.6	16652184.0	35031.0	3038.0	0.0	94.3	99.67078568980916	99.60428040071704	0.32921431019083747	94.25999796378278	100.0	0.0	0.0007608959403486228	0.0
V350082740_L14_24-24	13741126.0	0.0	13741126.0	0.0	6870563.0	6870563.0	13715435.0	13704432.0	25691.0	12134244.0	13741126.0	0.0	85.0	0.0	0.0	45468.0	1373679874.0	686839937.0	686839937.0	1371215101.0	1369268386.0	0.0	0.0	7525997.0	0.005496364	99.0	100.0	100.0	100.0	100.0	100.0	35.1	211.4	70.1	6833821.0	16879.0	1516.0	0.0	88.3	99.81303570027667	99.73296220411632	0.1869642997233269	88.30603838433619	100.0	0.0	0.0006185810391375496	0.0
V350082740_L14_25-25	22205734.0	0.0	22205734.0	0.0	11102867.0	11102867.0	22122909.0	22109876.0	82825.0	20807868.0	22205734.0	0.0	123.0	0.0	0.0	34767.0	2220118666.0	1110059333.0	1110059333.0	2211931343.0	2209080929.0	0.0	0.0	11624976.0	0.005262359	99.0	100.0	100.0	100.0	100.0	100.0	35.5	200.5	51.6	11043486.0	9470.0	1982.0	0.0	93.7	99.62701075316853	99.56831870542987	0.37298924683147155	93.70493224858048	100.0	0.0	0.0005539109853337881	0.0
V350082740_L14_26-26	30778212.0	0.0	30778212.0	0.0	15389106.0	15389106.0	30690436.0	30669612.0	87776.0	28932486.0	30778212.0	0.0	247.0	0.0	0.0	24183.0	3075642282.0	1537821141.0	1537821141.0	3067391651.0	3060579097.0	0.0	0.0	20549862.0	0.006714371	99.0	100.0	100.0	100.0	100.0	100.0	35.2	198.1	47.8	15319321.0	13294.0	2191.0	0.0	94.0	99.71481124374606	99.64715299251301	0.2851887562539371	94.00314092319593	100.0	0.0	0.0008025157536766592	0.0
V350082740_L14_27-27	26982918.0	0.0	26982918.0	0.0	13491459.0	13491459.0	26929423.0	26906826.0	53495.0	25123764.0	26982918.0	0.0	202.0	0.0	0.0	32310.0	2697258616.0	1348629308.0	1348629308.0	2692113554.0	2687201197.0	0.0	0.0	14063609.0	0.005233552	99.0	100.0	100.0	100.0	100.0	100.0	35.4	201.5	54.9	13438133.0	11748.0	3532.0	0.0	93.1	99.80174494100305	99.71799936537627	0.19825505899695503	93.10988529854333	100.0	0.0	0.0007486217761918855	0.0
V350082740_L14_28-28	24149600.0	0.0	24149600.0	0.0	12074800.0	12074800.0	24094082.0	24076528.0	55518.0	22114160.0	24149600.0	0.0	170.0	0.0	0.0	27012.0	2414146798.0	1207073399.0	1207073399.0	2408796291.0	2403353806.0	0.0	0.0	15696116.0	0.006530922	99.0	100.0	100.0	100.0	100.0	100.0	35.4	204.6	60.2	12029532.0	6366.0	2366.0	0.0	91.6	99.77010799350714	99.69741941895518	0.22989200649286118	91.5715374167688	100.0	0.0	0.0007039454069632623	0.0
V350082740_L14_29-29	40733008.0	0.0	40733008.0	0.0	20366504.0	20366504.0	40662714.0	40634538.0	70294.0	38274172.0	40733008.0	0.0	296.0	0.0	0.0	25040.0	4071928470.0	2035964235.0	2035964235.0	4065193700.0	4056892702.0	0.0	0.0	25081842.0	0.006182525	99.0	100.0	100.0	100.0	100.0	100.0	35.3	198.7	48.6	20304097.0	10076.0	3096.0	0.0	94.0	99.82742742691627	99.75825502501559	0.1725725730837261	93.96352952868101	100.0	0.0	0.0007266833816937851	0.0
V350082740_L14_30-30	30938040.0	0.0	30938040.0	0.0	15469020.0	15469020.0	30878544.0	30859170.0	59496.0	28942908.0	30938040.0	0.0	221.0	0.0	0.0	42877.0	3092266722.0	1546133361.0	1546133361.0	3086663562.0	3082441235.0	0.0	0.0	16884725.0	0.005477712	99.0	100.0	100.0	100.0	100.0	100.0	35.3	200.9	52.9	15415883.0	11131.0	2571.0	0.0	93.6	99.80769305360003	99.74507111633444	0.19230694639996587	93.55120104570295	100.0	0.0	0.0007143309660211183	0.0
V350082740_L14_31-31	11118832.0	0.0	11118832.0	0.0	5559416.0	5559416.0	11099328.0	11090308.0	19504.0	9876128.0	11118832.0	0.0	86.0	0.0	0.0	9081.0	1111613218.0	555806609.0	555806609.0	1109720773.0	1107123300.0	0.0	0.0	7261845.0	0.006559202	99.0	100.0	100.0	100.0	100.0	100.0	35.3	210.4	68.9	5540558.0	2668.0	1928.0	0.0	88.8	99.82458589175553	99.74346226294273	0.17541410824446307	88.82343037470123	100.0	0.0	0.0007734625363527392	0.0
V350082740_L14_32-32	39175710.0	0.0	39175710.0	0.0	19587855.0	19587855.0	39088068.0	39060106.0	87642.0	36279318.0	39175710.0	0.0	283.0	0.0	0.0	49437.0	3915430926.0	1957715463.0	1957715463.0	3907212303.0	3897722300.0	0.0	0.0	27121977.0	0.006958417	99.0	100.0	100.0	100.0	100.0	100.0	35.4	202.3	56.4	19511346.0	15942.0	2765.0	0.0	92.6	99.77628484589047	99.70490898569547	0.22371515410952347	92.6066636699118	100.0	0.0	0.0007223863970812526	0.0
V350082740_L14_33-33	18032330.0	0.0	18032330.0	0.0	9016165.0	9016165.0	17997344.0	17982486.0	34986.0	16222928.0	18032330.0	0.0	121.0	0.0	0.0	21182.0	1802755154.0	901377577.0	901377577.0	1799379734.0	1794990712.0	0.0	0.0	12067067.0	0.006722635	99.0	100.0	100.0	100.0	100.0	100.0	35.2	208.3	65.5	8983873.0	5373.0	1997.0	0.0	90.0	99.80598181155736	99.72358536029454	0.19401818844264718	89.96578922413244	100.0	0.0	0.0006710170011307469	0.0
V350082740_L14_34-34	20517348.0	0.0	20517348.0	0.0	10258674.0	10258674.0	20473724.0	20458364.0	43624.0	19025986.0	20517348.0	0.0	146.0	0.0	0.0	51502.0	2050964534.0	1025482267.0	1025482267.0	2046777623.0	2042432944.0	0.0	0.0	13215065.0	0.006470256	99.0	100.0	100.0	100.0	100.0	100.0	35.3	201.5	54.6	10221461.0	5425.0	2296.0	0.0	92.7	99.7873799284391	99.71251645193131	0.21262007156090543	92.73121457997398	100.0	0.0	0.0007115929407640793	0.0
V350082740_L14_35-35	13147540.0	0.0	13147540.0	0.0	6573770.0	6573770.0	13120123.0	13108668.0	27417.0	11149574.0	13147540.0	0.0	77.0	0.0	0.0	5765.0	1314288570.0	657144285.0	657144285.0	1311677015.0	1309173673.0	0.0	0.0	7873159.0	0.006013839	99.0	100.0	100.0	100.0	100.0	100.0	35.0	220.2	79.6	6549930.0	3063.0	1341.0	0.0	84.8	99.79146669262843	99.70434012750674	0.20853330737156917	84.8034993618578	100.0	0.0	0.0005856608916953286	0.0
V350082740_L14_36-36	21819518.0	0.0	21819518.0	0.0	10909759.0	10909759.0	21723667.0	21703052.0	95851.0	20496034.0	21819518.0	0.0	148.0	0.0	0.0	24005.0	2177727898.0	1088863949.0	1088863949.0	2169305167.0	2164885749.0	0.0	0.0	13550795.0	0.006259358	99.0	100.0	100.0	100.0	100.0	100.0	35.3	196.8	46.2	10824078.0	25080.0	2368.0	0.0	93.9	99.56070981952946	99.46623018895284	0.43929018047053103	93.93440313392807	100.0	0.0	0.0006782917936134061	0.0
V350082740_L14_37-37	25747094.0	0.0	25747094.0	0.0	12873547.0	12873547.0	25670998.0	25652476.0	76096.0	24123070.0	25747094.0	0.0	206.0	0.0	0.0	32869.0	2572106752.0	1286053376.0	1286053376.0	2565259917.0	2561409312.0	0.0	0.0	14387113.0	0.005616874	99.0	100.0	100.0	100.0	100.0	100.0	35.4	198.4	49.1	12806083.0	17175.0	2980.0	0.0	93.7	99.70444819908609	99.63250998345677	0.29555180091392064	93.69239883926318	100.0	0.0	0.0008000902936851826	0.0
V350082740_L14_38-38	11327994.0	0.0	11327994.0	0.0	5663997.0	5663997.0	11300592.0	11285404.0	27402.0	10237472.0	11327994.0	0.0	98.0	0.0	0.0	26442.0	1132467640.0	566233820.0	566233820.0	1129804431.0	1125062316.0	0.0	0.0	7762998.0	0.006900061	99.0	100.0	100.0	100.0	100.0	100.0	35.2	206.9	63.1	5632290.0	5483.0	4929.0	0.0	90.4	99.75810368543627	99.62402875566495	0.24189631456372593	90.37321170897513	100.0	0.0	0.0008651134525671536	0.0
V350082740_L14_39-39	11633156.0	0.0	11633156.0	0.0	5816578.0	5816578.0	11605756.0	11594236.0	27400.0	10057328.0	11633156.0	0.0	86.0	0.0	0.0	7203.0	1162989006.0	581494503.0	581494503.0	1160342934.0	1157773906.0	0.0	0.0	7542865.0	0.006514972	99.0	100.0	100.0	100.0	100.0	100.0	35.0	216.6	75.6	5793247.0	2692.0	1179.0	0.0	86.5	99.76446632367004	99.66543902617656	0.23553367632996583	86.45399408380666	100.0	0.0	0.0007392662833714256	0.0
V350082740_L14_40-40	3865674.0	0.0	3865674.0	0.0	1932837.0	1932837.0	3857847.0	3853944.0	7827.0	3418192.0	3865674.0	0.0	31.0	0.0	0.0	3146.0	386480010.0	193240005.0	193240005.0	385721214.0	384933636.0	0.0	0.0	2218179.0	0.005762497	99.0	100.0	100.0	100.0	100.0	100.0	35.3	211.9	69.7	1925368.0	814.0	790.0	0.0	88.4	99.79752560614268	99.69656003066994	0.20247439385731955	88.42421787248485	100.0	0.0	0.0008019300127222315	0.0
V350082740_L14_41-41	10498204.0	0.0	10498204.0	0.0	5249102.0	5249102.0	10475340.0	10465890.0	22864.0	8913446.0	10498204.0	0.0	65.0	0.0	0.0	8734.0	1049477536.0	524738768.0	524738768.0	1047289814.0	1045351496.0	0.0	0.0	6015657.0	0.005754674	99.0	100.0	100.0	100.0	100.0	100.0	35.2	220.2	79.5	5229546.0	2257.0	1142.0	0.0	84.9	99.78221036664938	99.69219496973007	0.21778963335061882	84.90448461470172	100.0	0.0	0.0006191535237836872	0.0
V350082740_L14_42-42	14480566.0	0.0	14480566.0	0.0	7240283.0	7240283.0	14462313.0	14451714.0	18253.0	11971694.0	14480566.0	0.0	65.0	0.0	0.0	7123.0	1447866378.0	723933189.0	723933189.0	1446092070.0	1443347359.0	0.0	0.0	8340617.0	0.005778662	99.0	100.0	100.0	100.0	100.0	100.0	35.2	225.6	84.7	7222126.0	1930.0	1801.0	0.0	82.7	99.87394829732484	99.80075364457439	0.12605170267515786	82.67421314885067	100.0	0.0	0.00044887748172274484	0.0
V350082740_L14_43-43	12260726.0	0.0	12260726.0	0.0	6130363.0	6130363.0	12232881.0	12220422.0	27845.0	10141924.0	12260726.0	0.0	76.0	0.0	0.0	8334.0	1225616302.0	612808151.0	612808151.0	1222954014.0	1220997570.0	0.0	0.0	7142692.0	0.005849882	99.0	100.0	100.0	100.0	100.0	100.0	34.9	225.4	84.4	6104562.0	4039.0	1610.0	0.0	82.7	99.77289273082197	99.67127558351766	0.22710726917802418	82.71878843063615	100.0	0.0	0.0006198654141687858	0.0
V350082740_L14_44-44	17118750.0	0.0	17118750.0	0.0	8559375.0	8559375.0	17086166.0	17073216.0	32584.0	15084192.0	17118750.0	0.0	86.0	0.0	0.0	16729.0	1711255978.0	855627989.0	855627989.0	1708156506.0	1705397852.0	0.0	0.0	9614908.0	0.005637927	99.0	100.0	100.0	100.0	100.0	100.0	35.1	212.7	70.6	8528435.0	5429.0	2744.0	0.0	88.1	99.8096589996349	99.73401095290252	0.19034100036509674	88.1150317634173	100.0	0.0	0.000502373128879153	0.0
V350082740_L14_45-45	10650512.0	0.0	10650512.0	0.0	5325256.0	5325256.0	10617056.0	10599964.0	33456.0	9361748.0	10650512.0	0.0	62.0	0.0	0.0	19188.0	1064592676.0	532296338.0	532296338.0	1061359168.0	1057823507.0	0.0	0.0	5764068.0	0.005448989	99.0	100.0	100.0	100.0	100.0	100.0	35.2	212.6	70.8	5290903.0	4619.0	4460.0	0.0	87.9	99.68587425656156	99.52539370877193	0.3141257434384375	87.8995113098788	100.0	0.0	0.0005821316383663057	0.0
V350082740_L14_46-46	8227426.0	0.0	8227426.0	0.0	4113713.0	4113713.0	8210572.0	8203594.0	16854.0	7062070.0	8227426.0	0.0	39.0	0.0	0.0	5746.0	822512950.0	411256475.0	411256475.0	820898008.0	819284907.0	0.0	0.0	5052934.0	0.006167493	99.0	100.0	100.0	100.0	100.0	100.0	35.2	218.0	77.1	4098970.0	2029.0	798.0	0.0	85.8	99.79514856772944	99.71033467818489	0.20485143227055458	85.8357158119684	100.0	0.0	0.0004740243181767906	0.0
V350082740_L14_47-47	3976080.0	0.0	3976080.0	0.0	1988040.0	1988040.0	3970642.0	3967746.0	5438.0	3336162.0	3976080.0	0.0	18.0	0.0	0.0	2171.0	397562752.0	198781376.0	198781376.0	397030335.0	396302672.0	0.0	0.0	2349491.0	0.005928527	99.0	100.0	100.0	100.0	100.0	100.0	35.0	222.7	81.7	1982648.0	664.0	561.0	0.0	83.9	99.86323212812619	99.79039657149755	0.13676787187380537	83.90580672421079	100.0	0.0	0.0004527071889901612	0.0
V350082740_L14_48-48	8856332.0	0.0	8856332.0	0.0	4428166.0	4428166.0	8836025.0	8827426.0	20307.0	7815772.0	8856332.0	0.0	66.0	0.0	0.0	5464.0	885310608.0	442655304.0	442655304.0	883370410.0	882166724.0	0.0	0.0	4648606.0	0.005269532	99.0	100.0	100.0	100.0	100.0	100.0	35.2	212.3	70.2	4410582.0	2347.0	784.0	0.0	88.3	99.77070642789813	99.67361205519396	0.22929357210185888	88.25066630293445	100.0	0.0	0.0007452295148826851	0.0
V350082740_L14_49-49	13555820.0	0.0	13555820.0	0.0	6777910.0	6777910.0	13528533.0	13518772.0	27287.0	12448480.0	13555820.0	0.0	132.0	0.0	0.0	15504.0	1355099066.0	677549533.0	677549533.0	1352491236.0	1349539077.0	0.0	0.0	15206979.0	0.01126828	99.0	100.0	100.0	100.0	100.0	100.0	35.3	202.7	58.5	6752275.0	5106.0	2005.0	0.0	91.8	99.7987063858918	99.72670041354931	0.2012936141081838	91.83125771808713	100.0	0.0	0.0009737514956675436	0.0
V350082740_L14_50-50	40639292.0	0.0	40639292.0	0.0	20319646.0	20319646.0	40352473.0	40310574.0	286819.0	37854382.0	40639292.0	0.0	338.0	0.0	0.0	52837.0	4048935250.0	2024467625.0	2024467625.0	4023218007.0	4010761719.0	0.0	0.0	52086483.0	0.01298668	99.0	100.0	100.0	100.0	100.0	100.0	35.5	195.0	47.5	20071862.0	78731.0	4694.0	0.0	93.1	99.29423229125153	99.1911325620535	0.7057677087484693	93.14724774240653	100.0	0.0	0.0008317074027766036	0.0
V350082740_L14_51-51	21157408.0	0.0	21157408.0	0.0	10578704.0	10578704.0	21117134.0	21101450.0	40274.0	19682662.0	21157408.0	0.0	182.0	0.0	0.0	18242.0	2115039012.0	1057519506.0	1057519506.0	2111179056.0	2106873337.0	0.0	0.0	22686560.0	0.01076788	99.0	100.0	100.0	100.0	100.0	100.0	35.3	199.5	52.3	10540794.0	7125.0	2806.0	0.0	93.0	99.8096458696642	99.73551580609497	0.1903541303358143	93.02964710989173	100.0	0.0	0.0008602187942870884	0.0
V350082740_L14_52-52	20600712.0	0.0	20600712.0	0.0	10300356.0	10300356.0	20574964.0	20563242.0	25748.0	18888252.0	20600712.0	0.0	147.0	0.0	0.0	19550.0	2059666218.0	1029833109.0	1029833109.0	2057181853.0	2053461506.0	0.0	0.0	19728324.0	0.00960735	99.0	100.0	100.0	100.0	100.0	100.0	35.3	203.9	60.2	10271789.0	7068.0	2764.0	0.0	91.7	99.87501402864135	99.81811308269344	0.12498597135865983	91.68737468879716	100.0	0.0	0.0007135675698975841	0.0
V350082740_L14_53-53	21272134.0	0.0	21272134.0	0.0	10636067.0	10636067.0	17638226.0	17573646.0	3633908.0	17537352.0	21272134.0	0.0	2495.0	0.0	0.0	94200.0	1839524554.0	919762277.0	919762277.0	1508524845.0	1359550332.0	0.0	0.0	9208813.0	0.006773426	86.0	86.0	86.0	100.0	100.0	100.0	34.8	140.0	83.3	7033998.0	1744519.0	8306.0	0.0	82.4	82.91705007123403	82.61346040787446	17.082949928765963	82.44284282902693	100.0	0.0	0.011728959586283163	0.0
V350082740_L14_54-54	31577118.0	0.0	31577118.0	0.0	15788559.0	15788559.0	31531480.0	31512804.0	45638.0	29843946.0	31577118.0	0.0	231.0	0.0	0.0	33423.0	3156957044.0	1578478522.0	1578478522.0	3152567097.0	3148104207.0	0.0	0.0	21934471.0	0.006967518	99.0	100.0	100.0	100.0	100.0	100.0	35.4	196.9	46.5	15740339.0	12362.0	3701.0	0.0	94.5	99.85547129411873	99.79632720123477	0.14452870588126504	94.51130403984303	100.0	0.0	0.000731542378249972	0.0
V350082740_L14_55-55	39072214.0	0.0	39072214.0	0.0	19536107.0	19536107.0	38987594.0	38957548.0	84620.0	36426024.0	39072214.0	0.0	311.0	0.0	0.0	29479.0	3905220132.0	1952610066.0	1952610066.0	3897222583.0	3889164814.0	0.0	0.0	42012506.0	0.01080245	99.0	100.0	100.0	100.0	100.0	100.0	35.5	198.7	51.4	19459506.0	15157.0	4111.0	0.0	93.2	99.7834266571124	99.7065280201424	0.21657334288760804	93.2274377899343	100.0	0.0	0.0007959620614281034	0.0
V350082740_L14_56-56	36485694.0	0.0	36485694.0	0.0	18242847.0	18242847.0	31134381.0	30793524.0	5351313.0	26321610.0	36485694.0	0.0	843.0	0.0	0.0	73051.0	3343973184.0	1671986592.0	1671986592.0	2854643573.0	2787246102.0	0.0	0.0	29836871.0	0.01070479	91.0	92.0	92.0	100.0	100.0	100.0	35.5	169.3	65.4	13946277.0	1445729.0	4756.0	0.0	72.1	85.33311987980824	84.39889892186237	14.666880120191767	72.14227581911969	100.0	0.0	0.002310494628387773	0.0
V350082740_L14_57-57	25899316.0	0.0	25899316.0	0.0	12949658.0	12949658.0	25870184.0	25857078.0	29132.0	24002084.0	25899316.0	0.0	154.0	0.0	0.0	38923.0	2589502284.0	1294751142.0	1294751142.0	2586681630.0	2581683958.0	0.0	0.0	27370900.0	0.01060196	99.0	100.0	100.0	100.0	100.0	100.0	35.5	201.4	56.1	12909227.0	13797.0	5515.0	0.0	92.7	99.88751826496113	99.83691461195346	0.1124817350388713	92.6745864639823	100.0	0.0	0.0005946102978163593	0.0
V350082740_L14_58-58	39146768.0	0.0	39146768.0	0.0	19573384.0	19573384.0	39044128.0	39014044.0	102640.0	36730898.0	39146768.0	0.0	332.0	0.0	0.0	73515.0	3912410376.0	1956205188.0	1956205188.0	3902694851.0	3893678183.0	0.0	0.0	50007261.0	0.01284319	99.0	100.0	100.0	100.0	100.0	100.0	35.4	196.3	47.2	19475775.0	26043.0	5204.0	0.0	93.8	99.7378072182102	99.66095796209792	0.2621927817898019	93.82868593391925	100.0	0.0	0.0008480904477222743	0.0
V350082740_L14_59-59	55286680.0	0.0	55286680.0	0.0	27643340.0	27643340.0	55096626.0	55053744.0	190054.0	52613156.0	55286680.0	0.0	432.0	0.0	0.0	98579.0	5521746498.0	2760873249.0	2760873249.0	5504235110.0	5489901546.0	0.0	0.0	74802101.0	0.0136254	99.0	100.0	100.0	100.0	100.0	100.0	35.4	192.9	39.6	27458550.0	60820.0	7502.0	0.0	95.2	99.65623907964812	99.57867609340984	0.3437609203518822	95.16425294483228	100.0	0.0	0.000781381699895888	0.0
V350082740_L14_60-60	46949432.0	0.0	46949432.0	0.0	23474716.0	23474716.0	46843273.0	46804488.0	106159.0	44666600.0	46949432.0	0.0	374.0	0.0	0.0	96910.0	4691905832.0	2345952916.0	2345952916.0	4681862186.0	4668886919.0	0.0	0.0	44270534.0	0.009482032	99.0	100.0	100.0	100.0	100.0	100.0	35.5	193.7	40.1	23337229.0	53526.0	11489.0	0.0	95.1	99.77388650836075	99.69127635026554	0.22611349163925987	95.13767919492615	100.0	0.0	0.0007966017565452124	0.0
V350082740_L14_61-61	9357006.0	0.0	9357006.0	0.0	4678503.0	4678503.0	8074244.0	8051366.0	1282762.0	8041810.0	9357006.0	0.0	2451.0	0.0	0.0	26722.0	770757516.0	385378758.0	385378758.0	658608342.0	576026801.0	0.0	0.0	3640514.0	0.006320043	82.0	82.0	82.0	100.0	100.0	100.0	35.3	128.9	90.9	2978833.0	1044577.0	2273.0	0.0	85.9	86.29089262099437	86.04639133500609	13.709107379005637	85.94426465046618	100.0	0.0	0.02619427624605563	0.0
V350082740_L14_62-62	29108756.0	0.0	29108756.0	0.0	14554378.0	14554378.0	29014910.0	28994006.0	93846.0	27480588.0	29108756.0	0.0	272.0	0.0	0.0	59195.0	2908982358.0	1454491179.0	1454491179.0	2900051378.0	2890136506.0	0.0	0.0	65602445.0	0.02269874	99.0	100.0	100.0	100.0	100.0	100.0	35.3	194.4	46.9	14473386.0	18599.0	5018.0	0.0	94.4	99.67760216204361	99.60578871869345	0.32239783795638677	94.40660397854171	100.0	0.0	0.0009344267408748076	0.0
V350082740_L14_63-63	15922602.0	0.0	15922602.0	0.0	7961301.0	7961301.0	15894856.0	15882064.0	27746.0	14477594.0	15922602.0	0.0	100.0	0.0	0.0	28758.0	1591842186.0	795921093.0	795921093.0	1589156547.0	1585046549.0	0.0	0.0	16727362.0	0.01055323	99.0	100.0	100.0	100.0	100.0	100.0	35.3	204.7	61.4	7925813.0	10249.0	4970.0	0.0	90.9	99.82574456109623	99.74540593302527	0.1742554389037671	90.92479985369225	100.0	0.0	0.0006280380555891556	0.0
V350082740_L14_64-64	28335748.0	0.0	28335748.0	0.0	14167874.0	14167874.0	28063695.0	28041606.0	272053.0	26568104.0	28335748.0	0.0	224.0	0.0	0.0	18374.0	2826055298.0	1413027649.0	1413027649.0	2800632958.0	2794820322.0	0.0	0.0	21423041.0	0.007665265	99.0	100.0	100.0	100.0	100.0	100.0	35.3	195.9	45.4	13974372.0	42438.0	3993.0	0.0	93.8	99.03989476473323	98.96194023182306	0.9601052352667733	93.76178811302246	100.0	0.0	0.0007905208643159869	0.0
V350082740_L14_65-65	45371402.0	0.0	45371402.0	0.0	22685701.0	22685701.0	45193712.0	45157334.0	177690.0	42829544.0	45371402.0	0.0	343.0	0.0	0.0	23877.0	4528915786.0	2264457893.0	2264457893.0	4512912871.0	4504718685.0	0.0	0.0	32469368.0	0.007207857	99.0	100.0	100.0	100.0	100.0	100.0	35.5	196.2	45.2	22527929.0	45215.0	5523.0	0.0	94.4	99.60836563965998	99.52818738111729	0.39163436034002214	94.39766485505562	100.0	0.0	0.0007559828104937114	0.0
V350082740_L14_66-66	29962480.0	0.0	29962480.0	0.0	14981240.0	14981240.0	29860576.0	29841076.0	101904.0	28007416.0	29962480.0	0.0	206.0	0.0	0.0	38332.0	2994596022.0	1497298011.0	1497298011.0	2984766074.0	2977407778.0	0.0	0.0	46028293.0	0.01545918	99.0	100.0	100.0	100.0	100.0	100.0	35.4	196.8	48.3	14901311.0	15250.0	3977.0	0.0	93.5	99.65989464156505	99.59481324643355	0.3401053584349493	93.47495934915935	100.0	0.0	0.000687526533184169	0.0
V350082740_L14_67-67	22291204.0	0.0	22291204.0	0.0	11145602.0	11145602.0	22076432.0	22052344.0	214772.0	20931632.0	22291204.0	0.0	162.0	0.0	0.0	31452.0	2220552922.0	1110276461.0	1110276461.0	2200667448.0	2194353117.0	0.0	0.0	15589997.0	0.007104598	99.0	100.0	100.0	100.0	100.0	100.0	35.4	194.5	43.8	10976627.0	45246.0	4299.0	0.0	93.9	99.03651682520155	98.92845626463246	0.963483174798454	93.90085883203079	100.0	0.0	0.0007267440556373716	0.0
V350082740_L14_68-68	14097442.0	0.0	14097442.0	0.0	7048721.0	7048721.0	11999525.0	11871928.0	2097917.0	9779454.0	14097442.0	0.0	416.0	0.0	0.0	24520.0	1285957534.0	642978767.0	642978767.0	1098174161.0	1070318349.0	0.0	0.0	8129416.0	0.007595325	91.0	91.0	91.0	100.0	100.0	100.0	35.4	174.4	75.5	5261889.0	672279.0	1796.0	0.0	69.4	85.11845624191963	84.21334877632411	14.881543758080367	69.37041485966036	100.0	0.0	0.0029508899557806304	0.0
V350082740_L14_69-69	26051178.0	0.0	26051178.0	0.0	13025589.0	13025589.0	25993427.0	25974942.0	57751.0	24439322.0	26051178.0	0.0	217.0	0.0	0.0	37456.0	2603434926.0	1301717463.0	1301717463.0	2598026537.0	2593408741.0	0.0	0.0	19285231.0	0.007436248	99.0	100.0	100.0	100.0	100.0	100.0	35.2	198.3	49.5	12965194.0	17010.0	5267.0	0.0	93.8	99.77831712638869	99.70736064219437	0.22168287361132	93.81273276778501	100.0	0.0	0.0008329757679288054	0.0
V350082740_L14_70-70	31928414.0	0.0	31928414.0	0.0	15964207.0	15964207.0	31727893.0	31684954.0	200521.0	29876374.0	31928414.0	0.0	288.0	0.0	0.0	49129.0	3180403050.0	1590201525.0	1590201525.0	3162535140.0	3152962157.0	0.0	0.0	22743530.0	0.007213385	99.0	100.0	100.0	100.0	100.0	100.0	35.5	195.8	46.8	15762170.0	72684.0	7623.0	0.0	93.6	99.37196692576086	99.23748169890305	0.6280330742391401	93.57299739348156	100.0	0.0	0.0009020178703520945	0.0
V350082740_L14_71-71	10731466.0	0.0	10731466.0	0.0	5365733.0	5365733.0	9877598.0	9854232.0	853868.0	8868662.0	10731466.0	0.0	62.0	0.0	0.0	14424.0	1060586838.0	530293419.0	530293419.0	979472080.0	974014370.0	0.0	0.0	9320744.0	0.009569411	98.0	99.0	99.0	100.0	100.0	100.0	35.5	202.5	64.9	4871238.0	53976.0	1902.0	0.0	82.6	92.0433238105586	91.82559027815958	7.9566761894414055	82.64166331049272	100.0	0.0	0.0005777402640049365	0.0
V350082740_L14_72-72	21829416.0	0.0	21829416.0	0.0	10914708.0	10914708.0	21782753.0	21765286.0	46663.0	20045698.0	21829416.0	0.0	159.0	0.0	0.0	27222.0	2182061814.0	1091030907.0	1091030907.0	2177613717.0	2172680827.0	0.0	0.0	25063167.0	0.0115356	99.0	100.0	100.0	100.0	100.0	100.0	35.4	202.5	58.6	10865582.0	11771.0	5290.0	0.0	91.8	99.78623798272936	99.70622209957426	0.21376201727064068	91.82883316713557	100.0	0.0	0.0007283749597332334	0.0
V350082740_L14_73-73	22559968.0	0.0	22559968.0	0.0	11279984.0	11279984.0	20479559.0	20326096.0	2080409.0	17506986.0	22559968.0	0.0	172.0	0.0	0.0	37719.0	2106115538.0	1053057769.0	1053057769.0	1929180836.0	1902317540.0	0.0	0.0	12587357.0	0.006616854	93.0	93.0	93.0	100.0	100.0	100.0	35.5	180.1	63.6	9441362.0	718787.0	2899.0	0.0	77.6	90.77831582030613	90.0980710610937	9.221684179693872	77.6019983716289	100.0	0.0	0.0007624124289538	0.0
V350082740_L14_74-74	26634004.0	0.0	26634004.0	0.0	13317002.0	13317002.0	23800698.0	23506174.0	2833306.0	19779378.0	26634004.0	0.0	302.0	0.0	0.0	110028.0	2451677672.0	1225838836.0	1225838836.0	2224301237.0	2175455800.0	0.0	0.0	15283993.0	0.007025651	92.0	92.0	92.0	100.0	100.0	100.0	35.4	178.1	68.1	10737981.0	1009060.0	6046.0	0.0	74.3	89.36207263466656	88.25625317169735	10.637927365333429	74.2636293063559	100.0	0.0	0.0011338888437502674	0.0
V350082740_L14_75-75	22219144.0	0.0	22219144.0	0.0	11109572.0	11109572.0	22126093.0	22106592.0	93051.0	20692238.0	22219144.0	0.0	173.0	0.0	0.0	23990.0	2217214540.0	1108607270.0	1108607270.0	2208838514.0	2203294646.0	0.0	0.0	16926207.0	0.007682226	99.0	100.0	100.0	100.0	100.0	100.0	35.3	198.4	50.9	11020221.0	29706.0	3369.0	0.0	93.1	99.58121248955405	99.49344583211666	0.418787510445947	93.12797108655491	100.0	0.0	0.0007786078527597642	0.0
V350082740_L14_76-76	9425006.0	0.0	9425006.0	0.0	4712503.0	4712503.0	8599568.0	8562420.0	825438.0	8224982.0	9425006.0	0.0	1810.0	0.0	0.0	31575.0	820194510.0	410097255.0	410097255.0	745789117.0	691334703.0	0.0	0.0	4786629.0	0.006923751	87.0	87.0	87.0	100.0	100.0	100.0	35.4	150.4	84.5	3410021.0	869674.0	1515.0	0.0	87.3	91.24204271063594	90.84789972547497	8.757957289364061	87.26765797284372	100.0	0.0	0.01920423180632458	0.0
V350082740_L14_77-77	10684068.0	0.0	10684068.0	0.0	5342034.0	5342034.0	9605321.0	9597772.0	1078747.0	9589318.0	10684068.0	0.0	4341.0	0.0	0.0	13868.0	857543698.0	428771849.0	428771849.0	754510770.0	663607500.0	0.0	0.0	4045832.0	0.006096724	80.0	80.0	80.0	100.0	100.0	100.0	35.6	123.8	91.9	3226882.0	1570880.0	1124.0	0.0	89.8	89.90321851190015	89.83256190432334	10.096781488099852	89.75343474040038	100.0	0.0	0.040630591269168265	0.0
V350082740_L14_78-78	17146534.0	0.0	17146534.0	0.0	8573267.0	8573267.0	17104520.0	17090370.0	42014.0	15709840.0	17146534.0	0.0	136.0	0.0	0.0	50471.0	1713764560.0	856882280.0	856882280.0	1709767589.0	1705315067.0	0.0	0.0	24283956.0	0.01424016	99.0	100.0	100.0	100.0	100.0	100.0	35.3	201.6	58.1	8526219.0	15580.0	3386.0	0.0	91.6	99.75497088799405	99.67244692134281	0.24502911200595992	91.62108213823272	100.0	0.0	0.0007931632130435223	0.0
V350082740_L14_79-79	20585460.0	0.0	20585460.0	0.0	10292730.0	10292730.0	20500124.0	20478354.0	85336.0	18711916.0	20585460.0	0.0	157.0	0.0	0.0	26553.0	2054028310.0	1027014155.0	1027014155.0	2046396176.0	2039880536.0	0.0	0.0	26050536.0	0.01277062	99.0	100.0	100.0	100.0	100.0	100.0	35.2	202.3	60.1	10205508.0	28883.0	4786.0	0.0	90.9	99.58545497647368	99.47970072080003	0.41454502352631417	90.89870228792556	100.0	0.0	0.0007626742370585841	0.0
V350082740_L14_80-80	28127750.0	0.0	28127750.0	0.0	14063875.0	14063875.0	28065777.0	28045294.0	61973.0	25848996.0	28127750.0	0.0	218.0	0.0	0.0	78706.0	2811586222.0	1405793111.0	1405793111.0	2805668855.0	2796580335.0	0.0	0.0	51326213.0	0.01835321	99.0	100.0	100.0	100.0	100.0	100.0	35.4	199.5	55.8	13999696.0	19538.0	3413.0	0.0	91.9	99.77967309863035	99.70685177449316	0.22032690136964383	91.89855569677631	100.0	0.0	0.0007750353298788562	0.0
V350082740_L14_81-81	17116136.0	0.0	17116136.0	0.0	8558068.0	8558068.0	17091030.0	17081500.0	25106.0	16057570.0	17116136.0	0.0	110.0	0.0	0.0	16661.0	1711193702.0	855596851.0	855596851.0	1708784576.0	1705686697.0	0.0	0.0	16117929.0	0.009449525	99.0	100.0	100.0	100.0	100.0	100.0	35.4	198.3	48.9	8531088.0	6847.0	2815.0	0.0	93.8	99.85331969785703	99.79764124332735	0.14668030214296032	93.81539151126165	100.0	0.0	0.00064266841534795	0.0
V350082740_L14_82-82	8736484.0	0.0	8736484.0	0.0	4368242.0	4368242.0	8716657.0	8710496.0	19827.0	8019546.0	8736484.0	0.0	86.0	0.0	0.0	9698.0	873160768.0	436580384.0	436580384.0	871277790.0	869786854.0	0.0	0.0	6533588.0	0.007511711	99.0	100.0	100.0	100.0	100.0	100.0	35.4	203.7	59.1	4348606.0	4698.0	1944.0	0.0	91.8	99.77305515582698	99.70253479546234	0.22694484417301056	91.79374677501842	100.0	0.0	0.000984377697023196	0.0
V350082740_L14_83-83	20799030.0	0.0	20799030.0	0.0	10399515.0	10399515.0	20410196.0	20386956.0	388834.0	19104562.0	20799030.0	0.0	178.0	0.0	0.0	19165.0	2072104456.0	1036052228.0	1036052228.0	2034941692.0	2029251731.0	0.0	0.0	13882820.0	0.006841349	99.0	100.0	100.0	100.0	100.0	100.0	35.4	197.5	50.0	10149900.0	40223.0	3355.0	0.0	91.9	98.13051858668409	98.01878260668887	1.8694814133159094	91.85313930505413	100.0	0.0	0.0008558091410993685	0.0
V350082740_L14_84-84	14789938.0	0.0	14789938.0	0.0	7394969.0	7394969.0	14762494.0	14750158.0	27444.0	13390408.0	14789938.0	0.0	115.0	0.0	0.0	37502.0	1478652252.0	739326126.0	739326126.0	1475985242.0	1472819760.0	0.0	0.0	14448771.0	0.009810278	99.0	100.0	100.0	100.0	100.0	100.0	35.4	205.6	62.8	7364067.0	6175.0	4837.0	0.0	90.5	99.81444141280376	99.73103335524462	0.18555858719624113	90.53728284729794	100.0	0.0	0.0007775556598006024	0.0
V350082740_L14_85-85	32243888.0	0.0	32243888.0	0.0	16121944.0	16121944.0	32151420.0	32122768.0	92468.0	29993078.0	32243888.0	0.0	259.0	0.0	0.0	22458.0	3221349310.0	1610674655.0	1610674655.0	3212721457.0	3205985597.0	0.0	0.0	35058934.0	0.01093546	99.0	100.0	100.0	100.0	100.0	100.0	35.3	198.8	51.3	16038349.0	19301.0	3734.0	0.0	93.0	99.7132231696128	99.62436291802031	0.2867768303872039	93.01942123108728	100.0	0.0	0.0008032530072055826	0.0
V350082740_L14_86-86	3617912.0	0.0	3617912.0	0.0	1808956.0	1808956.0	3612755.0	3610310.0	5157.0	3178882.0	3617912.0	0.0	22.0	0.0	0.0	9426.0	361713332.0	180856666.0	180856666.0	361218025.0	360282777.0	0.0	0.0	5024977.0	0.01394731	99.0	100.0	100.0	100.0	100.0	100.0	35.4	210.6	71.4	1801383.0	2767.0	1005.0	0.0	87.9	99.85745921957195	99.78987880302229	0.142540780428048	87.86510009088116	100.0	0.0	0.0006080855476860687	0.0
V350082740_L14_87-87	34269378.0	0.0	34269378.0	0.0	17134689.0	17134689.0	34054541.0	34024484.0	214837.0	31944296.0	34269378.0	0.0	273.0	0.0	0.0	56299.0	3418446436.0	1709223218.0	1709223218.0	3399137847.0	3389095556.0	0.0	0.0	45281228.0	0.01336086	99.0	100.0	100.0	100.0	100.0	100.0	35.3	195.7	47.5	16954058.0	53329.0	4855.0	0.0	93.2	99.37309337800062	99.28538533731192	0.6269066219993839	93.21527808295791	100.0	0.0	0.0007966295740763081	0.0
V350082740_L14_88-88	22900310.0	0.0	22900310.0	0.0	11450155.0	11450155.0	17424987.0	17412368.0	5475323.0	17362736.0	22900310.0	0.0	4827.0	0.0	0.0	53242.0	2012997408.0	1006498704.0	1006498704.0	1470598109.0	1323769151.0	0.0	0.0	29346970.0	0.02216925	87.0	88.0	88.0	100.0	100.0	100.0	35.5	134.8	81.8	6616632.0	2087216.0	2336.0	0.0	75.8	76.09061624056618	76.03551218302285	23.909383759433826	75.81878149247761	100.0	0.0	0.021078317280421095	0.0
V350082740_L14_89-89	30133906.0	0.0	30133906.0	0.0	15066953.0	15066953.0	30070794.0	30050240.0	63112.0	27729064.0	30133906.0	0.0	258.0	0.0	0.0	47375.0	3012149854.0	1506074927.0	1506074927.0	3006135547.0	2997999430.0	0.0	0.0	44309396.0	0.01477966	99.0	100.0	100.0	100.0	100.0	100.0	35.2	200.8	56.9	15000882.0	19493.0	4745.0	0.0	92.0	99.79056150238208	99.72235262166146	0.20943849761793243	92.01948131118482	100.0	0.0	0.000856178419087124	0.0
V350082740_L14_90-90	23588916.0	0.0	23588916.0	0.0	11794458.0	11794458.0	23056448.0	23016004.0	532468.0	21233882.0	23588916.0	0.0	215.0	0.0	0.0	53917.0	2334913248.0	1167456624.0	1167456624.0	2288009540.0	2278814800.0	0.0	0.0	17047886.0	0.007481032	98.0	99.0	99.0	100.0	100.0	100.0	35.4	197.8	55.9	11394168.0	110652.0	3182.0	0.0	90.0	97.74271950436383	97.57126609802673	2.2572804956361705	90.01635344328666	100.0	0.0	0.0009114450193472223	0.0
V350082740_L14_91-91	34819596.0	0.0	34819596.0	0.0	17409798.0	17409798.0	34779873.0	34764478.0	39723.0	32986046.0	34819596.0	0.0	240.0	0.0	0.0	56072.0	3481254440.0	1740627220.0	1740627220.0	3477394666.0	3471689849.0	0.0	0.0	24013992.0	0.006917091	99.0	100.0	100.0	100.0	100.0	100.0	35.6	195.8	45.1	17348581.0	27163.0	6495.0	0.0	94.7	99.8859176884189	99.84170407950741	0.11408231158109934	94.73414338293873	100.0	0.0	0.0006892670437646663	0.0
V350082740_L14_92-92	10071180.0	0.0	10071180.0	0.0	5035590.0	5035590.0	10050917.0	10044812.0	20263.0	9014048.0	10071180.0	0.0	49.0	0.0	0.0	7863.0	1006788678.0	503394339.0	503394339.0	1004858898.0	1002384856.0	0.0	0.0	14485728.0	0.01445126	99.0	100.0	100.0	100.0	100.0	100.0	35.4	206.7	65.9	5018338.0	3091.0	977.0	0.0	89.5	99.79880212646383	99.73818360907063	0.20119787353616952	89.50339483556048	100.0	0.0	0.00048653683083809443	0.0
V350082740_L14_93-93	11411268.0	0.0	11411268.0	0.0	5705634.0	5705634.0	11349834.0	11337106.0	61434.0	10152124.0	11411268.0	0.0	88.0	0.0	0.0	7409.0	1137236026.0	568618013.0	568618013.0	1132144601.0	1128935695.0	0.0	0.0	14846673.0	0.01315104	99.0	100.0	100.0	100.0	100.0	100.0	35.2	206.3	67.1	5649294.0	18041.0	1218.0	0.0	89.0	99.4616373920935	99.35009851665914	0.5383626079065009	88.96578364472731	100.0	0.0	0.0007711675862840133	0.0
V350082740_L14_94-94	5066646.0	0.0	5066646.0	0.0	2533323.0	2533323.0	5053590.0	5047938.0	13056.0	4420444.0	5066646.0	0.0	43.0	0.0	0.0	3930.0	506428032.0	253214016.0	253214016.0	505180646.0	504150712.0	0.0	0.0	4530805.0	0.008987005	99.0	100.0	100.0	100.0	100.0	100.0	35.3	213.2	72.8	2520980.0	2255.0	734.0	0.0	87.2	99.74231473838906	99.63076165179095	0.2576852616109355	87.24596113484148	100.0	0.0	0.0008486876722786632	0.0
V350082740_L14_95-95	22312526.0	0.0	22312526.0	0.0	11156263.0	11156263.0	22271171.0	22257136.0	41355.0	20520290.0	22312526.0	0.0	149.0	0.0	0.0	37189.0	2230444384.0	1115222192.0	1115222192.0	2226501560.0	2222800673.0	0.0	0.0	15956848.0	0.007178713	99.0	100.0	100.0	100.0	100.0	100.0	35.3	203.6	58.6	11103120.0	22382.0	3066.0	0.0	92.0	99.81465567816034	99.75175379067346	0.18534432183966978	91.96757910780697	100.0	0.0	0.0006677863366971538	0.0
V350082740_L14_96-96	31218450.0	0.0	31218450.0	0.0	15609225.0	15609225.0	31150040.0	31128528.0	68410.0	29567700.0	31218450.0	0.0	259.0	0.0	0.0	30265.0	3119915570.0	1559957785.0	1559957785.0	3113488316.0	3106192588.0	0.0	0.0	41197829.0	0.01326313	99.0	100.0	100.0	100.0	100.0	100.0	35.4	194.5	42.6	15544199.0	17148.0	2917.0	0.0	94.7	99.780866763084	99.71195879359801	0.21913323691599038	94.7122614992096	100.0	0.0	0.0008296376021231035	0.0
