	14.0	15.0	16.0	17.0	18.0	19.0	20.0	21.0	22.0	23.0	24.0	25.0	26.0	27.0	28.0	29.0	30.0	31.0	32.0	33.0	34.0	35.0	36.0	37.0
V350082740_L14_01-01_1	1.0	2.0	8.0	26.0	34.0	118.0	301.0	804.0	1908.0	4177.0	8544.0	15741.0	26947.0	44478.0	69482.0	103370.0	147341.0	196354.0	247776.0	310171.0	439611.0	906473.0	1800717.0	72715.0
	7.0	8.0	9.0	10.0	11.0	12.0	13.0	14.0	15.0	16.0	17.0	18.0	19.0	20.0	21.0	22.0	23.0	24.0	25.0	26.0	27.0	28.0	29.0	30.0	31.0	32.0	33.0	34.0	35.0	36.0	37.0
V350082740_L14_01-01_2	1.0	5.0	11.0	34.0	66.0	154.0	336.0	1387.0	923.0	569.0	995.0	1767.0	2854.0	4809.0	7344.0	10891.0	15431.0	21651.0	28846.0	37831.0	47957.0	59610.0	73259.0	87985.0	102945.0	123560.0	154628.0	225145.0	502840.0	2392732.0	490533.0
	12.0	13.0	14.0	15.0	16.0	17.0	18.0	19.0	20.0	21.0	22.0	23.0	24.0	25.0	26.0	27.0	28.0	29.0	30.0	31.0	32.0	33.0	34.0	35.0	36.0	37.0
V350082740_L14_02-02_1	1.0	0.0	1.0	5.0	8.0	20.0	53.0	126.0	254.0	602.0	1544.0	3412.0	6980.0	13753.0	24983.0	42631.0	68877.0	106196.0	156161.0	216185.0	282576.0	364687.0	523168.0	1154635.0	3258692.0	175473.0
	8.0	9.0	10.0	11.0	12.0	13.0	14.0	15.0	16.0	17.0	18.0	19.0	20.0	21.0	22.0	23.0	24.0	25.0	26.0	27.0	28.0	29.0	30.0	31.0	32.0	33.0	34.0	35.0	36.0	37.0
V350082740_L14_02-02_2	6.0	14.0	29.0	77.0	168.0	441.0	1925.0	1221.0	472.0	856.0	1596.0	2693.0	4582.0	7093.0	10737.0	15623.0	22214.0	29874.0	38919.0	49866.0	62770.0	77657.0	94913.0	113584.0	143288.0	189856.0	300911.0	720861.0	3709107.0	799670.0
	14.0	15.0	16.0	17.0	18.0	19.0	20.0	21.0	22.0	23.0	24.0	25.0	26.0	27.0	28.0	29.0	30.0	31.0	32.0	33.0	34.0	35.0	36.0	37.0
V350082740_L14_03-03_1	3.0	9.0	20.0	79.0	236.0	553.0	1174.0	1959.0	2820.0	4095.0	5950.0	9148.0	14428.0	21539.0	32083.0	45820.0	65090.0	89100.0	123757.0	180379.0	311426.0	1193134.0	2860968.0	192388.0
	6.0	7.0	8.0	9.0	10.0	11.0	12.0	13.0	14.0	15.0	16.0	17.0	18.0	19.0	20.0	21.0	22.0	23.0	24.0	25.0	26.0	27.0	28.0	29.0	30.0	31.0	32.0	33.0	34.0	35.0	36.0	37.0
V350082740_L14_03-03_2	1.0	8.0	13.0	64.0	127.0	279.0	492.0	969.0	1773.0	1195.0	1838.0	3664.0	7245.0	12554.0	17723.0	23532.0	30813.0	39240.0	47774.0	56092.0	64072.0	73106.0	83138.0	97216.0	118603.0	155501.0	220340.0	340659.0	562281.0	1153458.0	1815876.0	226512.0
	9.0	10.0	11.0	12.0	13.0	14.0	15.0	16.0	17.0	18.0	19.0	20.0	21.0	22.0	23.0	24.0	25.0	26.0	27.0	28.0	29.0	30.0	31.0	32.0	33.0	34.0	35.0	36.0	37.0
V350082740_L14_04-04_1	1.0	1.0	1.0	3.0	5.0	4.0	12.0	40.0	103.0	223.0	512.0	1220.0	3034.0	7092.0	15588.0	31608.0	59239.0	104445.0	171592.0	266454.0	396253.0	565998.0	773052.0	997049.0	1254926.0	1742458.0	3703788.0	13012670.0	806731.0
	7.0	8.0	9.0	10.0	11.0	12.0	13.0	14.0	15.0	16.0	17.0	18.0	19.0	20.0	21.0	22.0	23.0	24.0	25.0	26.0	27.0	28.0	29.0	30.0	31.0	32.0	33.0	34.0	35.0	36.0	37.0
V350082740_L14_04-04_2	3.0	22.0	45.0	138.0	298.0	597.0	1350.0	7087.0	4482.0	1143.0	2325.0	5162.0	10069.0	18024.0	28033.0	41986.0	58773.0	80381.0	105732.0	135486.0	170684.0	212292.0	264731.0	330978.0	405256.0	523644.0	721481.0	1145664.0	2688025.0	13889832.0	3060379.0
	14.0	15.0	16.0	17.0	18.0	19.0	20.0	21.0	22.0	23.0	24.0	25.0	26.0	27.0	28.0	29.0	30.0	31.0	32.0	33.0	34.0	35.0	36.0	37.0
V350082740_L14_05-05_1	6.0	6.0	16.0	40.0	99.0	233.0	648.0	1506.0	3707.0	8244.0	16366.0	31140.0	54525.0	90674.0	141782.0	213582.0	310676.0	431605.0	566146.0	710908.0	949303.0	1926194.0	6737121.0	487896.0
	7.0	8.0	9.0	10.0	11.0	12.0	13.0	14.0	15.0	16.0	17.0	18.0	19.0	20.0	21.0	22.0	23.0	24.0	25.0	26.0	27.0	28.0	29.0	30.0	31.0	32.0	33.0	34.0	35.0	36.0	37.0
V350082740_L14_05-05_2	1.0	8.0	28.0	68.0	155.0	341.0	806.0	3717.0	2447.0	685.0	1398.0	2673.0	5021.0	8443.0	12912.0	19244.0	27703.0	38134.0	52065.0	68875.0	88880.0	113746.0	144381.0	182396.0	223162.0	286529.0	390608.0	609835.0	1397043.0	7296213.0	1704906.0
	15.0	16.0	17.0	18.0	19.0	20.0	21.0	22.0	23.0	24.0	25.0	26.0	27.0	28.0	29.0	30.0	31.0	32.0	33.0	34.0	35.0	36.0	37.0
V350082740_L14_06-06_1	10.0	20.0	47.0	108.0	234.0	556.0	1528.0	3526.0	7821.0	15772.0	29108.0	50899.0	83927.0	133352.0	203531.0	295687.0	402879.0	519974.0	686098.0	1084150.0	2482468.0	4746024.0	172027.0
	7.0	8.0	9.0	10.0	11.0	12.0	13.0	14.0	15.0	16.0	17.0	18.0	19.0	20.0	21.0	22.0	23.0	24.0	25.0	26.0	27.0	28.0	29.0	30.0	31.0	32.0	33.0	34.0	35.0	36.0	37.0
V350082740_L14_06-06_2	1.0	4.0	13.0	44.0	111.0	228.0	566.0	3275.0	2120.0	554.0	930.0	1821.0	3063.0	5195.0	7984.0	12159.0	18014.0	26216.0	36116.0	48892.0	64815.0	85203.0	111422.0	141860.0	174868.0	224703.0	306297.0	484321.0	1166760.0	6494402.0	1497789.0
	11.0	12.0	13.0	14.0	15.0	16.0	17.0	18.0	19.0	20.0	21.0	22.0	23.0	24.0	25.0	26.0	27.0	28.0	29.0	30.0	31.0	32.0	33.0	34.0	35.0	36.0	37.0
V350082740_L14_07-07_1	1.0	0.0	1.0	2.0	7.0	22.0	75.0	115.0	300.0	728.0	1933.0	4612.0	10088.0	20241.0	37869.0	65904.0	107642.0	167561.0	248687.0	354670.0	478190.0	608486.0	743362.0	977443.0	1990445.0	6204236.0	331982.0
	6.0	7.0	8.0	9.0	10.0	11.0	12.0	13.0	14.0	15.0	16.0	17.0	18.0	19.0	20.0	21.0	22.0	23.0	24.0	25.0	26.0	27.0	28.0	29.0	30.0	31.0	32.0	33.0	34.0	35.0	36.0	37.0
V350082740_L14_07-07_2	2.0	0.0	14.0	43.0	90.0	217.0	343.0	819.0	3755.0	2193.0	871.0	1808.0	3441.0	6464.0	11002.0	17706.0	26786.0	38383.0	53100.0	70502.0	91643.0	115923.0	144645.0	178838.0	220076.0	264010.0	328088.0	434035.0	661293.0	1514403.0	6863914.0	1300195.0
	11.0	12.0	13.0	14.0	15.0	16.0	17.0	18.0	19.0	20.0	21.0	22.0	23.0	24.0	25.0	26.0	27.0	28.0	29.0	30.0	31.0	32.0	33.0	34.0	35.0	36.0	37.0
V350082740_L14_08-08_1	1.0	0.0	0.0	3.0	1.0	4.0	18.0	26.0	71.0	210.0	577.0	1332.0	3084.0	6338.0	11717.0	20636.0	33845.0	53794.0	80839.0	116376.0	163261.0	218060.0	273113.0	343581.0	609531.0	1826757.0	110743.0
	7.0	8.0	9.0	10.0	11.0	12.0	13.0	14.0	15.0	16.0	17.0	18.0	19.0	20.0	21.0	22.0	23.0	24.0	25.0	26.0	27.0	28.0	29.0	30.0	31.0	32.0	33.0	34.0	35.0	36.0	37.0
V350082740_L14_08-08_2	1.0	10.0	10.0	28.0	77.0	165.0	301.0	1220.0	917.0	653.0	1135.0	2024.0	3337.0	5514.0	8259.0	12069.0	17144.0	23254.0	30877.0	39956.0	49878.0	61483.0	74621.0	89596.0	105149.0	124171.0	152063.0	214928.0	456968.0	2002452.0	395658.0
	15.0	16.0	17.0	18.0	19.0	20.0	21.0	22.0	23.0	24.0	25.0	26.0	27.0	28.0	29.0	30.0	31.0	32.0	33.0	34.0	35.0	36.0	37.0
V350082740_L14_09-09_1	5.0	5.0	26.0	45.0	111.0	272.0	677.0	1557.0	3486.0	6917.0	13165.0	23238.0	39289.0	62636.0	95902.0	141955.0	202375.0	271731.0	343502.0	433196.0	752366.0	2405987.0	152201.0
	7.0	8.0	9.0	10.0	11.0	12.0	13.0	14.0	15.0	16.0	17.0	18.0	19.0	20.0	21.0	22.0	23.0	24.0	25.0	26.0	27.0	28.0	29.0	30.0	31.0	32.0	33.0	34.0	35.0	36.0	37.0
V350082740_L14_09-09_2	1.0	3.0	15.0	46.0	95.0	189.0	416.0	1570.0	1135.0	853.0	1575.0	2491.0	3991.0	6484.0	9835.0	14258.0	20360.0	27308.0	36715.0	47831.0	60467.0	75650.0	93081.0	111959.0	131190.0	155965.0	189317.0	256399.0	524948.0	2591298.0	585199.0
	13.0	14.0	15.0	16.0	17.0	18.0	19.0	20.0	21.0	22.0	23.0	24.0	25.0	26.0	27.0	28.0	29.0	30.0	31.0	32.0	33.0	34.0	35.0	36.0	37.0
V350082740_L14_10-10_1	2.0	0.0	8.0	20.0	31.0	69.0	182.0	458.0	1122.0	2893.0	6342.0	12756.0	24596.0	43380.0	72106.0	115012.0	174799.0	258625.0	365797.0	485086.0	608758.0	789740.0	1504448.0	5086227.0	371975.0
	7.0	8.0	9.0	10.0	11.0	12.0	13.0	14.0	15.0	16.0	17.0	18.0	19.0	20.0	21.0	22.0	23.0	24.0	25.0	26.0	27.0	28.0	29.0	30.0	31.0	32.0	33.0	34.0	35.0	36.0	37.0
V350082740_L14_10-10_2	1.0	2.0	25.0	54.0	131.0	310.0	642.0	2972.0	2061.0	719.0	1349.0	2548.0	4172.0	6911.0	10962.0	16687.0	24699.0	35536.0	49217.0	65968.0	86228.0	110667.0	140024.0	175530.0	211258.0	260055.0	332705.0	480484.0	1039696.0	5505976.0	1356843.0
	13.0	14.0	15.0	16.0	17.0	18.0	19.0	20.0	21.0	22.0	23.0	24.0	25.0	26.0	27.0	28.0	29.0	30.0	31.0	32.0	33.0	34.0	35.0	36.0	37.0
V350082740_L14_11-11_1	2.0	5.0	10.0	23.0	55.0	125.0	298.0	721.0	1813.0	4143.0	9137.0	18741.0	35209.0	62461.0	103940.0	162702.0	242585.0	352548.0	498826.0	670323.0	859293.0	1092641.0	1934232.0	8572558.0	762671.0
	6.0	7.0	8.0	9.0	10.0	11.0	12.0	13.0	14.0	15.0	16.0	17.0	18.0	19.0	20.0	21.0	22.0	23.0	24.0	25.0	26.0	27.0	28.0	29.0	30.0	31.0	32.0	33.0	34.0	35.0	36.0	37.0
V350082740_L14_11-11_2	1.0	2.0	19.0	27.0	111.0	208.0	395.0	958.0	4641.0	2981.0	935.0	1790.0	3380.0	6246.0	11242.0	18347.0	28380.0	40901.0	56559.0	75269.0	96279.0	122254.0	152470.0	190993.0	237596.0	288326.0	363504.0	480908.0	727285.0	1604620.0	8662290.0	2206145.0
	14.0	15.0	16.0	17.0	18.0	19.0	20.0	21.0	22.0	23.0	24.0	25.0	26.0	27.0	28.0	29.0	30.0	31.0	32.0	33.0	34.0	35.0	36.0	37.0
V350082740_L14_12-12_1	1.0	9.0	11.0	49.0	74.0	159.0	423.0	994.0	2402.0	5386.0	11367.0	21952.0	39675.0	67285.0	108484.0	165216.0	240960.0	341073.0	465802.0	608466.0	763593.0	1302263.0	5514861.0	408747.0
	7.0	8.0	9.0	10.0	11.0	12.0	13.0	14.0	15.0	16.0	17.0	18.0	19.0	20.0	21.0	22.0	23.0	24.0	25.0	26.0	27.0	28.0	29.0	30.0	31.0	32.0	33.0	34.0	35.0	36.0	37.0
V350082740_L14_12-12_2	3.0	14.0	31.0	78.0	197.0	329.0	760.0	3021.0	1779.0	937.0	1887.0	3542.0	6310.0	11172.0	17824.0	26951.0	39027.0	53343.0	70013.0	89603.0	112042.0	137695.0	167764.0	202197.0	238765.0	292285.0	379925.0	576860.0	1319729.0	5383139.0	932030.0
	12.0	13.0	14.0	15.0	16.0	17.0	18.0	19.0	20.0	21.0	22.0	23.0	24.0	25.0	26.0	27.0	28.0	29.0	30.0	31.0	32.0	33.0	34.0	35.0	36.0	37.0
V350082740_L14_13-13_1	1.0	0.0	3.0	14.0	21.0	45.0	119.0	251.0	707.0	1751.0	4244.0	9393.0	19434.0	36645.0	63544.0	106965.0	171821.0	260326.0	385143.0	543664.0	719583.0	899727.0	1171630.0	2252155.0	7329130.0	523833.0
	7.0	8.0	9.0	10.0	11.0	12.0	13.0	14.0	15.0	16.0	17.0	18.0	19.0	20.0	21.0	22.0	23.0	24.0	25.0	26.0	27.0	28.0	29.0	30.0	31.0	32.0	33.0	34.0	35.0	36.0	37.0
V350082740_L14_13-13_2	4.0	13.0	59.0	108.0	246.0	468.0	1049.0	4436.0	2651.0	1293.0	2564.0	4760.0	8797.0	15281.0	24915.0	38462.0	55809.0	76273.0	101079.0	128655.0	160362.0	195018.0	234878.0	279316.0	326642.0	394247.0	509657.0	770693.0	1769882.0	7923622.0	1468910.0
	12.0	13.0	14.0	15.0	16.0	17.0	18.0	19.0	20.0	21.0	22.0	23.0	24.0	25.0	26.0	27.0	28.0	29.0	30.0	31.0	32.0	33.0	34.0	35.0	36.0	37.0
V350082740_L14_14-14_1	1.0	0.0	2.0	1.0	9.0	13.0	22.0	58.0	143.0	295.0	685.0	1477.0	3089.0	5966.0	10622.0	18373.0	29194.0	44683.0	65736.0	94158.0	126465.0	165734.0	217403.0	409492.0	1579815.0	123321.0
	8.0	9.0	10.0	11.0	12.0	13.0	14.0	15.0	16.0	17.0	18.0	19.0	20.0	21.0	22.0	23.0	24.0	25.0	26.0	27.0	28.0	29.0	30.0	31.0	32.0	33.0	34.0	35.0	36.0	37.0
V350082740_L14_14-14_2	1.0	1.0	19.0	35.0	100.0	184.0	816.0	635.0	221.0	415.0	763.0	1163.0	1950.0	3025.0	4638.0	6853.0	9629.0	13482.0	18396.0	24210.0	31061.0	38910.0	48971.0	58711.0	71977.0	91289.0	129464.0	273465.0	1621714.0	444659.0
	11.0	12.0	13.0	14.0	15.0	16.0	17.0	18.0	19.0	20.0	21.0	22.0	23.0	24.0	25.0	26.0	27.0	28.0	29.0	30.0	31.0	32.0	33.0	34.0	35.0	36.0	37.0
V350082740_L14_15-15_1	1.0	0.0	1.0	2.0	9.0	24.0	49.0	87.0	234.0	649.0	1561.0	3830.0	8541.0	17264.0	32529.0	56864.0	93879.0	145827.0	219170.0	316607.0	439250.0	571374.0	715642.0	954098.0	1906043.0	6164687.0	394581.0
	7.0	8.0	9.0	10.0	11.0	12.0	13.0	14.0	15.0	16.0	17.0	18.0	19.0	20.0	21.0	22.0	23.0	24.0	25.0	26.0	27.0	28.0	29.0	30.0	31.0	32.0	33.0	34.0	35.0	36.0	37.0
V350082740_L14_15-15_2	1.0	18.0	38.0	83.0	178.0	333.0	771.0	3607.0	2174.0	830.0	1542.0	2847.0	5309.0	8867.0	14573.0	22765.0	33427.0	46923.0	63567.0	82659.0	106101.0	132227.0	163517.0	200351.0	240269.0	302024.0	404241.0	629118.0	1459254.0	6757513.0	1357676.0
	13.0	14.0	15.0	16.0	17.0	18.0	19.0	20.0	21.0	22.0	23.0	24.0	25.0	26.0	27.0	28.0	29.0	30.0	31.0	32.0	33.0	34.0	35.0	36.0	37.0
V350082740_L14_16-16_1	1.0	3.0	5.0	11.0	24.0	60.0	159.0	422.0	1151.0	2526.0	5528.0	10788.0	19983.0	34831.0	56984.0	88020.0	131452.0	190132.0	261066.0	341551.0	432509.0	575478.0	1122360.0	3706714.0	237660.0
	8.0	9.0	10.0	11.0	12.0	13.0	14.0	15.0	16.0	17.0	18.0	19.0	20.0	21.0	22.0	23.0	24.0	25.0	26.0	27.0	28.0	29.0	30.0	31.0	32.0	33.0	34.0	35.0	36.0	37.0
V350082740_L14_16-16_2	5.0	25.0	46.0	98.0	192.0	448.0	2174.0	1465.0	635.0	1214.0	2200.0	3929.0	6342.0	9635.0	14435.0	20411.0	27976.0	37098.0	47852.0	60386.0	77133.0	96022.0	119269.0	142009.0	175466.0	224590.0	327858.0	716089.0	4042165.0	1062251.0
	9.0	10.0	11.0	12.0	13.0	14.0	15.0	16.0	17.0	18.0	19.0	20.0	21.0	22.0	23.0	24.0	25.0	26.0	27.0	28.0	29.0	30.0	31.0	32.0	33.0	34.0	35.0	36.0	37.0
V350082740_L14_17-17_1	1.0	0.0	0.0	0.0	2.0	3.0	7.0	26.0	56.0	148.0	288.0	778.0	1853.0	4289.0	9105.0	18055.0	33711.0	58812.0	97494.0	151898.0	227014.0	327516.0	450546.0	586762.0	732313.0	1012167.0	2390165.0	7324128.0	485306.0
	7.0	8.0	9.0	10.0	11.0	12.0	13.0	14.0	15.0	16.0	17.0	18.0	19.0	20.0	21.0	22.0	23.0	24.0	25.0	26.0	27.0	28.0	29.0	30.0	31.0	32.0	33.0	34.0	35.0	36.0	37.0
V350082740_L14_17-17_2	4.0	8.0	25.0	87.0	150.0	302.0	696.0	4218.0	2848.0	699.0	1539.0	2756.0	5036.0	8797.0	13642.0	20420.0	29585.0	40924.0	54642.0	70637.0	89979.0	113876.0	142830.0	178106.0	215367.0	274069.0	367880.0	583293.0	1737929.0	7789640.0	2162459.0
	13.0	14.0	15.0	16.0	17.0	18.0	19.0	20.0	21.0	22.0	23.0	24.0	25.0	26.0	27.0	28.0	29.0	30.0	31.0	32.0	33.0	34.0	35.0	36.0	37.0
V350082740_L14_18-18_1	1.0	0.0	2.0	5.0	13.0	33.0	65.0	135.0	306.0	799.0	1732.0	3466.0	6714.0	11966.0	20595.0	33037.0	49650.0	72474.0	102521.0	139408.0	182460.0	234800.0	444564.0	1880322.0	142884.0
	8.0	9.0	10.0	11.0	12.0	13.0	14.0	15.0	16.0	17.0	18.0	19.0	20.0	21.0	22.0	23.0	24.0	25.0	26.0	27.0	28.0	29.0	30.0	31.0	32.0	33.0	34.0	35.0	36.0	37.0
V350082740_L14_18-18_2	2.0	7.0	21.0	37.0	69.0	204.0	1006.0	651.0	160.0	392.0	850.0	1586.0	2467.0	3422.0	4638.0	6230.0	8595.0	11454.0	15630.0	20793.0	26872.0	34538.0	44103.0	54776.0	71448.0	97755.0	153088.0	351730.0	1906572.0	508856.0
	10.0	11.0	12.0	13.0	14.0	15.0	16.0	17.0	18.0	19.0	20.0	21.0	22.0	23.0	24.0	25.0	26.0	27.0	28.0	29.0	30.0	31.0	32.0	33.0	34.0	35.0	36.0	37.0
V350082740_L14_19-19_1	1.0	0.0	0.0	0.0	3.0	3.0	13.0	28.0	79.0	144.0	411.0	935.0	2252.0	4968.0	10376.0	19171.0	34058.0	57463.0	89675.0	133519.0	193858.0	273947.0	368223.0	470391.0	603465.0	1111398.0	4416244.0	328389.0
	7.0	8.0	9.0	10.0	11.0	12.0	13.0	14.0	15.0	16.0	17.0	18.0	19.0	20.0	21.0	22.0	23.0	24.0	25.0	26.0	27.0	28.0	29.0	30.0	31.0	32.0	33.0	34.0	35.0	36.0	37.0
V350082740_L14_19-19_2	1.0	4.0	25.0	48.0	107.0	201.0	515.0	2407.0	1604.0	549.0	1166.0	2543.0	4876.0	8054.0	12186.0	16717.0	23650.0	31390.0	41177.0	53052.0	66983.0	83798.0	104031.0	128507.0	154941.0	193251.0	254793.0	387979.0	878548.0	4588299.0	1077612.0
	13.0	14.0	15.0	16.0	17.0	18.0	19.0	20.0	21.0	22.0	23.0	24.0	25.0	26.0	27.0	28.0	29.0	30.0	31.0	32.0	33.0	34.0	35.0	36.0	37.0
V350082740_L14_20-20_1	1.0	4.0	9.0	27.0	86.0	236.0	581.0	1298.0	2642.0	5393.0	10828.0	20264.0	36471.0	62803.0	102022.0	157881.0	231276.0	330135.0	454921.0	596941.0	779901.0	1182401.0	2913785.0	7394023.0	364622.0
	8.0	9.0	10.0	11.0	12.0	13.0	14.0	15.0	16.0	17.0	18.0	19.0	20.0	21.0	22.0	23.0	24.0	25.0	26.0	27.0	28.0	29.0	30.0	31.0	32.0	33.0	34.0	35.0	36.0	37.0
V350082740_L14_20-20_2	14.0	42.0	101.0	185.0	398.0	993.0	4609.0	2856.0	1036.0	2115.0	4216.0	8095.0	13095.0	20156.0	30100.0	43034.0	58480.0	76239.0	95934.0	117176.0	140115.0	166720.0	202859.0	247397.0	322070.0	440242.0	699491.0	1911887.0	8168995.0	1869901.0
	13.0	14.0	15.0	16.0	17.0	18.0	19.0	20.0	21.0	22.0	23.0	24.0	25.0	26.0	27.0	28.0	29.0	30.0	31.0	32.0	33.0	34.0	35.0	36.0	37.0
V350082740_L14_21-21_1	1.0	0.0	12.0	22.0	45.0	105.0	256.0	754.0	1864.0	4369.0	9504.0	18729.0	34578.0	59613.0	96296.0	148731.0	219633.0	314040.0	425929.0	548596.0	695625.0	954852.0	1916281.0	5433499.0	344462.0
	7.0	8.0	9.0	10.0	11.0	12.0	13.0	14.0	15.0	16.0	17.0	18.0	19.0	20.0	21.0	22.0	23.0	24.0	25.0	26.0	27.0	28.0	29.0	30.0	31.0	32.0	33.0	34.0	35.0	36.0	37.0
V350082740_L14_21-21_2	1.0	12.0	24.0	65.0	147.0	313.0	678.0	3266.0	2449.0	959.0	1679.0	3214.0	5581.0	9389.0	14793.0	22157.0	31648.0	43728.0	58172.0	75335.0	96498.0	121131.0	150071.0	187031.0	225201.0	277567.0	354417.0	505940.0	1067023.0	6265849.0	1703458.0
	11.0	12.0	13.0	14.0	15.0	16.0	17.0	18.0	19.0	20.0	21.0	22.0	23.0	24.0	25.0	26.0	27.0	28.0	29.0	30.0	31.0	32.0	33.0	34.0	35.0	36.0	37.0
V350082740_L14_22-22_1	1.0	0.0	3.0	4.0	5.0	24.0	62.0	149.0	284.0	699.0	1813.0	4385.0	9763.0	20124.0	38221.0	67861.0	113628.0	182516.0	279715.0	413844.0	581969.0	762373.0	945920.0	1276066.0	2748996.0	8613389.0	475110.0
	7.0	8.0	9.0	10.0	11.0	12.0	13.0	14.0	15.0	16.0	17.0	18.0	19.0	20.0	21.0	22.0	23.0	24.0	25.0	26.0	27.0	28.0	29.0	30.0	31.0	32.0	33.0	34.0	35.0	36.0	37.0
V350082740_L14_22-22_2	1.0	8.0	23.0	63.0	200.0	438.0	1119.0	5303.0	2604.0	773.0	1398.0	2416.0	4336.0	7612.0	12526.0	20426.0	31103.0	46446.0	66346.0	90929.0	121203.0	156935.0	202827.0	255162.0	315755.0	409694.0	571191.0	933709.0	2272618.0	9485698.0	1518062.0
	14.0	15.0	16.0	17.0	18.0	19.0	20.0	21.0	22.0	23.0	24.0	25.0	26.0	27.0	28.0	29.0	30.0	31.0	32.0	33.0	34.0	35.0	36.0	37.0
V350082740_L14_23-23_1	9.0	11.0	22.0	72.0	172.0	385.0	978.0	2428.0	5824.0	12731.0	25235.0	46577.0	81039.0	132675.0	208541.0	312941.0	453612.0	616314.0	775102.0	965262.0	1379472.0	3067655.0	8305732.0	400330.0
	7.0	8.0	9.0	10.0	11.0	12.0	13.0	14.0	15.0	16.0	17.0	18.0	19.0	20.0	21.0	22.0	23.0	24.0	25.0	26.0	27.0	28.0	29.0	30.0	31.0	32.0	33.0	34.0	35.0	36.0	37.0
V350082740_L14_23-23_2	2.0	10.0	34.0	111.0	219.0	489.0	1119.0	5255.0	2944.0	1046.0	1775.0	3298.0	6265.0	10854.0	18087.0	28240.0	42286.0	59370.0	80182.0	105267.0	134123.0	167963.0	209612.0	258270.0	313412.0	400089.0	549325.0	878171.0	2116204.0	9661927.0	1737170.0
	14.0	15.0	16.0	17.0	18.0	19.0	20.0	21.0	22.0	23.0	24.0	25.0	26.0	27.0	28.0	29.0	30.0	31.0	32.0	33.0	34.0	35.0	36.0	37.0
V350082740_L14_24-24_1	2.0	4.0	15.0	28.0	60.0	128.0	312.0	788.0	1962.0	4368.0	8736.0	16890.0	30135.0	50846.0	81854.0	126477.0	188495.0	268157.0	360735.0	460567.0	594236.0	1095363.0	3398442.0	199631.0
	7.0	8.0	9.0	10.0	11.0	12.0	13.0	14.0	15.0	16.0	17.0	18.0	19.0	20.0	21.0	22.0	23.0	24.0	25.0	26.0	27.0	28.0	29.0	30.0	31.0	32.0	33.0	34.0	35.0	36.0	37.0
V350082740_L14_24-24_2	2.0	8.0	15.0	70.0	136.0	257.0	560.0	2187.0	1529.0	1111.0	1982.0	3438.0	5469.0	8995.0	13609.0	20262.0	28008.0	39209.0	51411.0	66654.0	83638.0	102641.0	124019.0	148623.0	173409.0	206829.0	257575.0	371544.0	827155.0	3673561.0	674325.0
	8.0	9.0	10.0	11.0	12.0	13.0	14.0	15.0	16.0	17.0	18.0	19.0	20.0	21.0	22.0	23.0	24.0	25.0	26.0	27.0	28.0	29.0	30.0	31.0	32.0	33.0	34.0	35.0	36.0	37.0
V350082740_L14_25-25_1	1.0	0.0	0.0	0.0	0.0	0.0	5.0	6.0	27.0	37.0	73.0	193.0	450.0	1078.0	2640.0	5874.0	11747.0	22156.0	39204.0	66406.0	105910.0	162971.0	243062.0	343190.0	455736.0	591299.0	859645.0	2010878.0	5910037.0	291820.0
	7.0	8.0	9.0	10.0	11.0	12.0	13.0	14.0	15.0	16.0	17.0	18.0	19.0	20.0	21.0	22.0	23.0	24.0	25.0	26.0	27.0	28.0	29.0	30.0	31.0	32.0	33.0	34.0	35.0	36.0	37.0
V350082740_L14_25-25_2	2.0	4.0	11.0	42.0	106.0	279.0	626.0	3389.0	2127.0	542.0	931.0	1671.0	2727.0	4688.0	7343.0	11752.0	17797.0	26106.0	37117.0	51545.0	68599.0	90255.0	115922.0	147391.0	180902.0	232067.0	318561.0	515078.0	1288081.0	6618407.0	1380377.0
	13.0	14.0	15.0	16.0	17.0	18.0	19.0	20.0	21.0	22.0	23.0	24.0	25.0	26.0	27.0	28.0	29.0	30.0	31.0	32.0	33.0	34.0	35.0	36.0	37.0
V350082740_L14_26-26_1	1.0	5.0	16.0	37.0	85.0	140.0	390.0	1015.0	2571.0	6113.0	13314.0	26347.0	48627.0	83771.0	136304.0	209637.0	310433.0	442538.0	595739.0	750045.0	918954.0	1269524.0	2768893.0	7455330.0	385862.0
	7.0	8.0	9.0	10.0	11.0	12.0	13.0	14.0	15.0	16.0	17.0	18.0	19.0	20.0	21.0	22.0	23.0	24.0	25.0	26.0	27.0	28.0	29.0	30.0	31.0	32.0	33.0	34.0	35.0	36.0	37.0
V350082740_L14_26-26_2	2.0	10.0	38.0	101.0	217.0	423.0	972.0	4640.0	2771.0	956.0	1862.0	3772.0	7346.0	12768.0	21369.0	32732.0	46729.0	63777.0	83686.0	106824.0	133787.0	165821.0	205515.0	252866.0	305130.0	385000.0	522429.0	820412.0	1923787.0	8687065.0	1632884.0
	14.0	15.0	16.0	17.0	18.0	19.0	20.0	21.0	22.0	23.0	24.0	25.0	26.0	27.0	28.0	29.0	30.0	31.0	32.0	33.0	34.0	35.0	36.0	37.0
V350082740_L14_27-27_1	2.0	5.0	25.0	45.0	108.0	305.0	733.0	1744.0	4232.0	9324.0	18802.0	35271.0	61610.0	102281.0	159423.0	239695.0	347378.0	483981.0	635615.0	794387.0	1034774.0	2013088.0	7102259.0	476211.0
	6.0	7.0	8.0	9.0	10.0	11.0	12.0	13.0	14.0	15.0	16.0	17.0	18.0	19.0	20.0	21.0	22.0	23.0	24.0	25.0	26.0	27.0	28.0	29.0	30.0	31.0	32.0	33.0	34.0	35.0	36.0	37.0
V350082740_L14_27-27_2	1.0	1.0	10.0	18.0	77.0	161.0	346.0	788.0	3953.0	2726.0	839.0	1474.0	2802.0	5249.0	8688.0	13354.0	20106.0	29464.0	42320.0	58989.0	78780.0	102798.0	131594.0	167555.0	210430.0	254656.0	319962.0	418037.0	626335.0	1379761.0	7738034.0	1901990.0
	10.0	11.0	12.0	13.0	14.0	15.0	16.0	17.0	18.0	19.0	20.0	21.0	22.0	23.0	24.0	25.0	26.0	27.0	28.0	29.0	30.0	31.0	32.0	33.0	34.0	35.0	36.0	37.0
V350082740_L14_28-28_1	1.0	0.0	0.0	0.0	2.0	6.0	21.0	38.0	86.0	208.0	518.0	1415.0	3251.0	6959.0	14295.0	27217.0	48293.0	81286.0	129476.0	194931.0	283165.0	399630.0	547909.0	729149.0	932359.0	1532214.0	6640624.0	529264.0
	7.0	8.0	9.0	10.0	11.0	12.0	13.0	14.0	15.0	16.0	17.0	18.0	19.0	20.0	21.0	22.0	23.0	24.0	25.0	26.0	27.0	28.0	29.0	30.0	31.0	32.0	33.0	34.0	35.0	36.0	37.0
V350082740_L14_28-28_2	2.0	8.0	32.0	83.0	182.0	350.0	777.0	3572.0	2304.0	890.0	1657.0	3181.0	5739.0	9854.0	15934.0	24811.0	36003.0	50513.0	67647.0	86875.0	111050.0	139057.0	173436.0	214436.0	257384.0	320785.0	414732.0	606502.0	1303296.0	6606136.0	1645089.0
	11.0	12.0	13.0	14.0	15.0	16.0	17.0	18.0	19.0	20.0	21.0	22.0	23.0	24.0	25.0	26.0	27.0	28.0	29.0	30.0	31.0	32.0	33.0	34.0	35.0	36.0	37.0
V350082740_L14_29-29_1	1.0	0.0	3.0	2.0	18.0	30.0	73.0	140.0	347.0	973.0	2495.0	6277.0	13926.0	28424.0	53063.0	93545.0	154892.0	244407.0	369922.0	538733.0	743881.0	952535.0	1167589.0	1547172.0	3180832.0	10714509.0	596557.0
	6.0	7.0	8.0	9.0	10.0	11.0	12.0	13.0	14.0	15.0	16.0	17.0	18.0	19.0	20.0	21.0	22.0	23.0	24.0	25.0	26.0	27.0	28.0	29.0	30.0	31.0	32.0	33.0	34.0	35.0	36.0	37.0
V350082740_L14_29-29_2	1.0	3.0	8.0	48.0	124.0	284.0	580.0	1332.0	6211.0	3559.0	1091.0	2115.0	4002.0	7373.0	13352.0	22172.0	35387.0	52633.0	74420.0	101345.0	133106.0	171307.0	216163.0	270173.0	334831.0	405617.0	513212.0	683956.0	1054370.0	2438007.0	11559169.0	2304395.0
	14.0	15.0	16.0	17.0	18.0	19.0	20.0	21.0	22.0	23.0	24.0	25.0	26.0	27.0	28.0	29.0	30.0	31.0	32.0	33.0	34.0	35.0	36.0	37.0
V350082740_L14_30-30_1	5.0	11.0	27.0	72.0	126.0	321.0	844.0	2131.0	5076.0	11218.0	22823.0	42561.0	75221.0	123086.0	194547.0	292089.0	424153.0	583708.0	750070.0	922001.0	1206205.0	2401392.0	7926144.0	520506.0
	7.0	8.0	9.0	10.0	11.0	12.0	13.0	14.0	15.0	16.0	17.0	18.0	19.0	20.0	21.0	22.0	23.0	24.0	25.0	26.0	27.0	28.0	29.0	30.0	31.0	32.0	33.0	34.0	35.0	36.0	37.0
V350082740_L14_30-30_2	3.0	9.0	41.0	124.0	240.0	474.0	1025.0	4834.0	2717.0	1089.0	2047.0	3901.0	7069.0	12841.0	21775.0	33754.0	49506.0	68999.0	92054.0	118232.0	148380.0	182841.0	222432.0	268661.0	320398.0	398448.0	530303.0	823079.0	1896652.0	8630034.0	1662375.0
	10.0	11.0	12.0	13.0	14.0	15.0	16.0	17.0	18.0	19.0	20.0	21.0	22.0	23.0	24.0	25.0	26.0	27.0	28.0	29.0	30.0	31.0	32.0	33.0	34.0	35.0	36.0	37.0
V350082740_L14_31-31_1	1.0	0.0	0.0	0.0	0.0	1.0	9.0	15.0	40.0	87.0	240.0	553.0	1348.0	2988.0	6322.0	11813.0	21641.0	36427.0	58863.0	90105.0	133991.0	193986.0	271048.0	354904.0	444721.0	720137.0	2952698.0	270088.0
	7.0	8.0	9.0	10.0	11.0	12.0	13.0	14.0	15.0	16.0	17.0	18.0	19.0	20.0	21.0	22.0	23.0	24.0	25.0	26.0	27.0	28.0	29.0	30.0	31.0	32.0	33.0	34.0	35.0	36.0	37.0
V350082740_L14_31-31_2	1.0	2.0	15.0	38.0	84.0	188.0	369.0	1637.0	1266.0	652.0	1050.0	1883.0	3097.0	4959.0	7550.0	11328.0	16481.0	23229.0	31413.0	42504.0	55462.0	70686.0	88517.0	110983.0	133903.0	163441.0	203883.0	282111.0	565984.0	2982850.0	766460.0
	12.0	13.0	14.0	15.0	16.0	17.0	18.0	19.0	20.0	21.0	22.0	23.0	24.0	25.0	26.0	27.0	28.0	29.0	30.0	31.0	32.0	33.0	34.0	35.0	36.0	37.0
V350082740_L14_32-32_1	1.0	0.0	7.0	9.0	26.0	62.0	159.0	348.0	894.0	2326.0	5420.0	11685.0	23271.0	44668.0	78567.0	131766.0	210285.0	320264.0	470744.0	661322.0	878658.0	1129448.0	1533047.0	3190053.0	10331427.0	608121.0
	7.0	8.0	9.0	10.0	11.0	12.0	13.0	14.0	15.0	16.0	17.0	18.0	19.0	20.0	21.0	22.0	23.0	24.0	25.0	26.0	27.0	28.0	29.0	30.0	31.0	32.0	33.0	34.0	35.0	36.0	37.0
V350082740_L14_32-32_2	3.0	6.0	38.0	103.0	232.0	518.0	1152.0	5778.0	4039.0	1382.0	2552.0	4867.0	8767.0	14594.0	23544.0	35916.0	52257.0	72269.0	96368.0	124704.0	158440.0	199386.0	245651.0	303672.0	365328.0	456131.0	594087.0	892226.0	2017994.0	11287684.0	2662890.0
	12.0	13.0	14.0	15.0	16.0	17.0	18.0	19.0	20.0	21.0	22.0	23.0	24.0	25.0	26.0	27.0	28.0	29.0	30.0	31.0	32.0	33.0	34.0	35.0	36.0	37.0
V350082740_L14_33-33_1	1.0	0.0	2.0	7.0	11.0	35.0	80.0	189.0	583.0	1371.0	3348.0	7113.0	13974.0	26290.0	45539.0	75257.0	117945.0	178965.0	260473.0	361083.0	472929.0	597866.0	818665.0	1651406.0	4175315.0	228170.0
	7.0	8.0	9.0	10.0	11.0	12.0	13.0	14.0	15.0	16.0	17.0	18.0	19.0	20.0	21.0	22.0	23.0	24.0	25.0	26.0	27.0	28.0	29.0	30.0	31.0	32.0	33.0	34.0	35.0	36.0	37.0
V350082740_L14_33-33_2	1.0	7.0	21.0	43.0	133.0	278.0	602.0	2695.0	1773.0	807.0	1444.0	2727.0	4569.0	7618.0	11348.0	17029.0	24394.0	34249.0	47059.0	62442.0	81682.0	105535.0	133465.0	165462.0	198184.0	242423.0	307538.0	444007.0	968073.0	4991680.0	1179329.0
	12.0	13.0	14.0	15.0	16.0	17.0	18.0	19.0	20.0	21.0	22.0	23.0	24.0	25.0	26.0	27.0	28.0	29.0	30.0	31.0	32.0	33.0	34.0	35.0	36.0	37.0
V350082740_L14_34-34_1	1.0	1.0	3.0	10.0	31.0	40.0	97.0	230.0	621.0	1601.0	3913.0	8478.0	17023.0	31224.0	54290.0	88793.0	138498.0	206096.0	294886.0	399613.0	507362.0	618530.0	819188.0	1654875.0	5129753.0	306141.0
	8.0	9.0	10.0	11.0	12.0	13.0	14.0	15.0	16.0	17.0	18.0	19.0	20.0	21.0	22.0	23.0	24.0	25.0	26.0	27.0	28.0	29.0	30.0	31.0	32.0	33.0	34.0	35.0	36.0	37.0
V350082740_L14_34-34_2	7.0	25.0	68.0	148.0	277.0	598.0	3050.0	2046.0	679.0	1330.0	2311.0	4161.0	6942.0	11050.0	16908.0	25190.0	36228.0	49886.0	66489.0	86071.0	109096.0	136076.0	168391.0	202933.0	252936.0	333301.0	500598.0	1124457.0	5767231.0	1372815.0
	10.0	11.0	12.0	13.0	14.0	15.0	16.0	17.0	18.0	19.0	20.0	21.0	22.0	23.0	24.0	25.0	26.0	27.0	28.0	29.0	30.0	31.0	32.0	33.0	34.0	35.0	36.0	37.0
V350082740_L14_35-35_1	1.0	0.0	0.0	1.0	0.0	1.0	14.0	29.0	48.0	158.0	380.0	1098.0	2369.0	5405.0	10826.0	20242.0	35912.0	58970.0	92412.0	138678.0	203511.0	288569.0	383820.0	478139.0	587581.0	1017674.0	3086114.0	178259.0
	6.0	7.0	8.0	9.0	10.0	11.0	12.0	13.0	14.0	15.0	16.0	17.0	18.0	19.0	20.0	21.0	22.0	23.0	24.0	25.0	26.0	27.0	28.0	29.0	30.0	31.0	32.0	33.0	34.0	35.0	36.0	37.0
V350082740_L14_35-35_2	1.0	1.0	5.0	20.0	51.0	119.0	227.0	527.0	1973.0	1616.0	1335.0	2263.0	3665.0	5770.0	8835.0	12797.0	18514.0	26063.0	35791.0	47705.0	62658.0	80781.0	101838.0	125629.0	154232.0	182564.0	215188.0	256061.0	334965.0	650148.0	3417360.0	841509.0
	12.0	13.0	14.0	15.0	16.0	17.0	18.0	19.0	20.0	21.0	22.0	23.0	24.0	25.0	26.0	27.0	28.0	29.0	30.0	31.0	32.0	33.0	34.0	35.0	36.0	37.0
V350082740_L14_36-36_1	1.0	1.0	4.0	6.0	17.0	54.0	131.0	283.0	726.0	1989.0	4493.0	9312.0	18276.0	33168.0	56823.0	91091.0	141149.0	209288.0	301339.0	404461.0	509640.0	644646.0	961598.0	2209416.0	5126914.0	210258.0
	7.0	8.0	9.0	10.0	11.0	12.0	13.0	14.0	15.0	16.0	17.0	18.0	19.0	20.0	21.0	22.0	23.0	24.0	25.0	26.0	27.0	28.0	29.0	30.0	31.0	32.0	33.0	34.0	35.0	36.0	37.0
V350082740_L14_36-36_2	3.0	9.0	15.0	70.0	135.0	289.0	691.0	3345.0	1997.0	697.0	1236.0	2391.0	4655.0	7796.0	12905.0	19689.0	28447.0	38982.0	51562.0	66421.0	83997.0	104006.0	129909.0	159683.0	193941.0	246044.0	337784.0	546459.0	1356590.0	6381536.0	1153800.0
	10.0	11.0	12.0	13.0	14.0	15.0	16.0	17.0	18.0	19.0	20.0	21.0	22.0	23.0	24.0	25.0	26.0	27.0	28.0	29.0	30.0	31.0	32.0	33.0	34.0	35.0	36.0	37.0
V350082740_L14_37-37_1	1.0	0.0	0.0	2.0	3.0	5.0	24.0	60.0	140.0	310.0	770.0	1892.0	4374.0	9767.0	18914.0	36187.0	63061.0	104616.0	162484.0	240093.0	339234.0	454880.0	576581.0	722586.0	1007485.0	2136761.0	6611277.0	413010.0
	7.0	8.0	9.0	10.0	11.0	12.0	13.0	14.0	15.0	16.0	17.0	18.0	19.0	20.0	21.0	22.0	23.0	24.0	25.0	26.0	27.0	28.0	29.0	30.0	31.0	32.0	33.0	34.0	35.0	36.0	37.0
V350082740_L14_37-37_2	1.0	10.0	29.0	79.0	168.0	331.0	829.0	3803.0	2580.0	824.0	1473.0	3152.0	6034.0	10377.0	16567.0	24840.0	35372.0	47764.0	63273.0	81627.0	102503.0	127680.0	158309.0	195755.0	236687.0	297170.0	395916.0	604961.0	1373358.0	7376086.0	1736959.0
	10.0	11.0	12.0	13.0	14.0	15.0	16.0	17.0	18.0	19.0	20.0	21.0	22.0	23.0	24.0	25.0	26.0	27.0	28.0	29.0	30.0	31.0	32.0	33.0	34.0	35.0	36.0	37.0
V350082740_L14_38-38_1	1.0	0.0	0.0	0.0	0.0	2.0	5.0	17.0	33.0	100.0	198.0	577.0	1269.0	2797.0	5910.0	11112.0	20364.0	35267.0	56230.0	86888.0	129306.0	185404.0	256898.0	342997.0	437504.0	747921.0	3122597.0	237514.0
	6.0	7.0	8.0	9.0	10.0	11.0	12.0	13.0	14.0	15.0	16.0	17.0	18.0	19.0	20.0	21.0	22.0	23.0	24.0	25.0	26.0	27.0	28.0	29.0	30.0	31.0	32.0	33.0	34.0	35.0	36.0	37.0
V350082740_L14_38-38_2	1.0	2.0	7.0	12.0	65.0	126.0	214.0	430.0	1709.0	1006.0	662.0	1237.0	2657.0	5133.0	8513.0	12532.0	17837.0	24383.0	32015.0	42351.0	53415.0	66926.0	81614.0	99246.0	118465.0	139073.0	167770.0	213705.0	320889.0	729615.0	3014324.0	524977.0
	14.0	15.0	16.0	17.0	18.0	19.0	20.0	21.0	22.0	23.0	24.0	25.0	26.0	27.0	28.0	29.0	30.0	31.0	32.0	33.0	34.0	35.0	36.0	37.0
V350082740_L14_39-39_1	1.0	8.0	9.0	26.0	58.0	129.0	345.0	828.0	2131.0	4685.0	9435.0	17679.0	30989.0	52090.0	82277.0	125263.0	183123.0	256035.0	336965.0	420353.0	525361.0	914451.0	2697333.0	171581.0
	8.0	9.0	10.0	11.0	12.0	13.0	14.0	15.0	16.0	17.0	18.0	19.0	20.0	21.0	22.0	23.0	24.0	25.0	26.0	27.0	28.0	29.0	30.0	31.0	32.0	33.0	34.0	35.0	36.0	37.0
V350082740_L14_39-39_2	9.0	23.0	40.0	103.0	217.0	467.0	1778.0	1442.0	975.0	1767.0	2931.0	4635.0	7272.0	10667.0	15605.0	22490.0	31081.0	41848.0	54162.0	69774.0	88164.0	109234.0	134082.0	157880.0	187382.0	225106.0	302969.0	606395.0	3028535.0	724122.0
	12.0	13.0	14.0	15.0	16.0	17.0	18.0	19.0	20.0	21.0	22.0	23.0	24.0	25.0	26.0	27.0	28.0	29.0	30.0	31.0	32.0	33.0	34.0	35.0	36.0	37.0
V350082740_L14_40-40_1	1.0	0.0	0.0	2.0	4.0	7.0	21.0	37.0	109.0	239.0	543.0	1157.0	2255.0	4383.0	7778.0	13008.0	20922.0	32186.0	48183.0	68743.0	95200.0	124610.0	162949.0	282227.0	996098.0	77005.0
	5.0	6.0	7.0	8.0	9.0	10.0	11.0	12.0	13.0	14.0	15.0	16.0	17.0	18.0	19.0	20.0	21.0	22.0	23.0	24.0	25.0	26.0	27.0	28.0	29.0	30.0	31.0	32.0	33.0	34.0	35.0	36.0	37.0
V350082740_L14_40-40_2	1.0	0.0	0.0	1.0	5.0	8.0	15.0	63.0	159.0	561.0	457.0	309.0	512.0	917.0	1451.0	2129.0	3180.0	4456.0	6150.0	8641.0	11324.0	14712.0	19291.0	24708.0	30921.0	38228.0	45959.0	55823.0	69476.0	95625.0	197948.0	1044481.0	260156.0
	14.0	15.0	16.0	17.0	18.0	19.0	20.0	21.0	22.0	23.0	24.0	25.0	26.0	27.0	28.0	29.0	30.0	31.0	32.0	33.0	34.0	35.0	36.0	37.0
V350082740_L14_41-41_1	1.0	3.0	8.0	19.0	44.0	117.0	241.0	614.0	1474.0	3388.0	6949.0	13220.0	23793.0	40000.0	63129.0	95319.0	140599.0	202524.0	281053.0	365157.0	451686.0	698243.0	2652299.0	223133.0
	6.0	7.0	8.0	9.0	10.0	11.0	12.0	13.0	14.0	15.0	16.0	17.0	18.0	19.0	20.0	21.0	22.0	23.0	24.0	25.0	26.0	27.0	28.0	29.0	30.0	31.0	32.0	33.0	34.0	35.0	36.0	37.0
V350082740_L14_41-41_2	2.0	0.0	7.0	22.0	40.0	78.0	178.0	399.0	1627.0	1413.0	970.0	1836.0	2836.0	4654.0	7095.0	10633.0	15153.0	20837.0	28408.0	37611.0	48735.0	62123.0	77630.0	96793.0	119392.0	139796.0	164714.0	196100.0	250312.0	466517.0	2688767.0	818335.0
	14.0	15.0	16.0	17.0	18.0	19.0	20.0	21.0	22.0	23.0	24.0	25.0	26.0	27.0	28.0	29.0	30.0	31.0	32.0	33.0	34.0	35.0	36.0	37.0
V350082740_L14_42-42_1	2.0	4.0	9.0	28.0	47.0	127.0	333.0	830.0	1928.0	4111.0	8645.0	16392.0	29554.0	49807.0	80892.0	126711.0	195369.0	291877.0	413528.0	538419.0	658687.0	1037179.0	3555229.0	247853.0
	7.0	8.0	9.0	10.0	11.0	12.0	13.0	14.0	15.0	16.0	17.0	18.0	19.0	20.0	21.0	22.0	23.0	24.0	25.0	26.0	27.0	28.0	29.0	30.0	31.0	32.0	33.0	34.0	35.0	36.0	37.0
V350082740_L14_42-42_2	2.0	8.0	15.0	53.0	121.0	263.0	572.0	2166.0	1822.0	1381.0	2361.0	3884.0	6054.0	8670.0	12273.0	17213.0	24415.0	34034.0	46834.0	63422.0	84180.0	108885.0	138764.0	171001.0	203499.0	239243.0	277465.0	347908.0	637414.0	3737731.0	1085908.0
	13.0	14.0	15.0	16.0	17.0	18.0	19.0	20.0	21.0	22.0	23.0	24.0	25.0	26.0	27.0	28.0	29.0	30.0	31.0	32.0	33.0	34.0	35.0	36.0	37.0
V350082740_L14_43-43_1	2.0	0.0	2.0	8.0	24.0	48.0	103.0	292.0	769.0	1972.0	4285.0	8657.0	16954.0	30284.0	51581.0	81629.0	123300.0	179567.0	254404.0	355346.0	472608.0	567216.0	792460.0	2982586.0	223913.0
	6.0	7.0	8.0	9.0	10.0	11.0	12.0	13.0	14.0	15.0	16.0	17.0	18.0	19.0	20.0	21.0	22.0	23.0	24.0	25.0	26.0	27.0	28.0	29.0	30.0	31.0	32.0	33.0	34.0	35.0	36.0	37.0
V350082740_L14_43-43_2	1.0	2.0	6.0	31.0	62.0	118.0	274.0	565.0	1890.0	1512.0	1282.0	2485.0	4180.0	6748.0	10511.0	15351.0	21981.0	30240.0	41169.0	54022.0	69795.0	88568.0	112087.0	137713.0	167468.0	196404.0	229923.0	269405.0	345952.0	651661.0	2989408.0	697196.0
	9.0	10.0	11.0	12.0	13.0	14.0	15.0	16.0	17.0	18.0	19.0	20.0	21.0	22.0	23.0	24.0	25.0	26.0	27.0	28.0	29.0	30.0	31.0	32.0	33.0	34.0	35.0	36.0	37.0
V350082740_L14_44-44_1	1.0	0.0	0.0	0.0	0.0	1.0	5.0	16.0	33.0	76.0	188.0	513.0	1362.0	3259.0	7081.0	14036.0	25986.0	45412.0	75455.0	118280.0	177881.0	258633.0	358264.0	466529.0	576323.0	760514.0	1605104.0	3944884.0	141866.0
	7.0	8.0	9.0	10.0	11.0	12.0	13.0	14.0	15.0	16.0	17.0	18.0	19.0	20.0	21.0	22.0	23.0	24.0	25.0	26.0	27.0	28.0	29.0	30.0	31.0	32.0	33.0	34.0	35.0	36.0	37.0
V350082740_L14_44-44_2	6.0	11.0	21.0	73.0	162.0	305.0	637.0	2715.0	1924.0	1305.0	2186.0	3855.0	6593.0	10802.0	16433.0	24324.0	34305.0	46884.0	62497.0	80385.0	100899.0	125878.0	152626.0	183320.0	213181.0	251434.0	305313.0	423453.0	921144.0	4684808.0	924223.0
	15.0	16.0	17.0	18.0	19.0	20.0	21.0	22.0	23.0	24.0	25.0	26.0	27.0	28.0	29.0	30.0	31.0	32.0	33.0	34.0	35.0	36.0	37.0
V350082740_L14_45-45_1	3.0	8.0	15.0	38.0	100.0	285.0	713.0	1774.0	3700.0	7656.0	14181.0	25414.0	42666.0	67340.0	102998.0	151425.0	211587.0	281041.0	354951.0	467820.0	914307.0	2547839.0	145219.0
	8.0	9.0	10.0	11.0	12.0	13.0	14.0	15.0	16.0	17.0	18.0	19.0	20.0	21.0	22.0	23.0	24.0	25.0	26.0	27.0	28.0	29.0	30.0	31.0	32.0	33.0	34.0	35.0	36.0	37.0
V350082740_L14_45-45_2	9.0	14.0	31.0	83.0	200.0	379.0	1618.0	1319.0	724.0	1332.0	2765.0	4688.0	7509.0	10592.0	14323.0	19014.0	25009.0	32344.0	42073.0	52893.0	66242.0	82437.0	101889.0	120364.0	144010.0	174894.0	231205.0	452318.0	2911042.0	839760.0
	14.0	15.0	16.0	17.0	18.0	19.0	20.0	21.0	22.0	23.0	24.0	25.0	26.0	27.0	28.0	29.0	30.0	31.0	32.0	33.0	34.0	35.0	36.0	37.0
V350082740_L14_46-46_1	4.0	5.0	6.0	13.0	30.0	76.0	223.0	557.0	1278.0	2876.0	5756.0	10373.0	18391.0	31035.0	48847.0	75203.0	111489.0	160244.0	219817.0	282954.0	354324.0	582273.0	2060142.0	158116.0
	8.0	9.0	10.0	11.0	12.0	13.0	14.0	15.0	16.0	17.0	18.0	19.0	20.0	21.0	22.0	23.0	24.0	25.0	26.0	27.0	28.0	29.0	30.0	31.0	32.0	33.0	34.0	35.0	36.0	37.0
V350082740_L14_46-46_2	2.0	8.0	40.0	60.0	149.0	285.0	1202.0	1025.0	683.0	1265.0	2037.0	3412.0	5361.0	8024.0	11871.0	16517.0	22691.0	29984.0	38771.0	49751.0	61474.0	75978.0	91699.0	107163.0	124719.0	148356.0	197371.0	401071.0	2165914.0	557149.0
	13.0	14.0	15.0	16.0	17.0	18.0	19.0	20.0	21.0	22.0	23.0	24.0	25.0	26.0	27.0	28.0	29.0	30.0	31.0	32.0	33.0	34.0	35.0	36.0	37.0
V350082740_L14_47-47_1	1.0	0.0	3.0	5.0	1.0	24.0	53.0	118.0	253.0	601.0	1427.0	2701.0	5353.0	9248.0	15552.0	24621.0	37671.0	56887.0	83224.0	115509.0	148392.0	182665.0	302655.0	946953.0	58662.0
	7.0	8.0	9.0	10.0	11.0	12.0	13.0	14.0	15.0	16.0	17.0	18.0	19.0	20.0	21.0	22.0	23.0	24.0	25.0	26.0	27.0	28.0	29.0	30.0	31.0	32.0	33.0	34.0	35.0	36.0	37.0
V350082740_L14_47-47_2	1.0	0.0	2.0	15.0	31.0	81.0	157.0	627.0	457.0	363.0	706.0	1091.0	1691.0	2378.0	3508.0	4961.0	7167.0	10379.0	14182.0	19232.0	25305.0	32687.0	40981.0	50188.0	58652.0	68482.0	80845.0	107624.0	221151.0	1032073.0	207562.0
	14.0	15.0	16.0	17.0	18.0	19.0	20.0	21.0	22.0	23.0	24.0	25.0	26.0	27.0	28.0	29.0	30.0	31.0	32.0	33.0	34.0	35.0	36.0	37.0
V350082740_L14_48-48_1	2.0	3.0	3.0	18.0	24.0	92.0	221.0	533.0	1269.0	2808.0	5807.0	10962.0	19533.0	33047.0	52148.0	78766.0	112910.0	158080.0	217992.0	286834.0	355311.0	555453.0	2367323.0	181152.0
	8.0	9.0	10.0	11.0	12.0	13.0	14.0	15.0	16.0	17.0	18.0	19.0	20.0	21.0	22.0	23.0	24.0	25.0	26.0	27.0	28.0	29.0	30.0	31.0	32.0	33.0	34.0	35.0	36.0	37.0
V350082740_L14_48-48_2	7.0	12.0	35.0	83.0	174.0	306.0	1376.0	1113.0	649.0	1256.0	2215.0	3709.0	5931.0	9134.0	13244.0	18581.0	24965.0	32840.0	41774.0	52210.0	64817.0	80064.0	95508.0	111993.0	132807.0	161690.0	221131.0	455168.0	2341541.0	565958.0
	10.0	11.0	12.0	13.0	14.0	15.0	16.0	17.0	18.0	19.0	20.0	21.0	22.0	23.0	24.0	25.0	26.0	27.0	28.0	29.0	30.0	31.0	32.0	33.0	34.0	35.0	36.0	37.0
V350082740_L14_49-49_1	1.0	0.0	0.0	0.0	0.0	2.0	14.0	21.0	59.0	144.0	353.0	910.0	2146.0	4482.0	9328.0	17743.0	31480.0	52214.0	83039.0	124396.0	178417.0	246838.0	325686.0	408983.0	526525.0	992069.0	3554431.0	234443.0
	7.0	8.0	9.0	10.0	11.0	12.0	13.0	14.0	15.0	16.0	17.0	18.0	19.0	20.0	21.0	22.0	23.0	24.0	25.0	26.0	27.0	28.0	29.0	30.0	31.0	32.0	33.0	34.0	35.0	36.0	37.0
V350082740_L14_49-49_2	2.0	5.0	21.0	35.0	100.0	211.0	398.0	2021.0	1359.0	533.0	1060.0	1803.0	3386.0	5783.0	9279.0	14363.0	20516.0	28838.0	38198.0	49131.0	62264.0	77587.0	95995.0	117848.0	140377.0	173793.0	226981.0	341100.0	770415.0	3754914.0	855408.0
	11.0	12.0	13.0	14.0	15.0	16.0	17.0	18.0	19.0	20.0	21.0	22.0	23.0	24.0	25.0	26.0	27.0	28.0	29.0	30.0	31.0	32.0	33.0	34.0	35.0	36.0	37.0
V350082740_L14_50-50_1	1.0	0.0	2.0	7.0	19.0	36.0	82.0	188.0	423.0	1077.0	2800.0	6321.0	13713.0	27159.0	51010.0	89838.0	147882.0	229504.0	342693.0	488976.0	665831.0	851915.0	1071517.0	1521417.0	3377862.0	10744536.0	729284.0
	7.0	8.0	9.0	10.0	11.0	12.0	13.0	14.0	15.0	16.0	17.0	18.0	19.0	20.0	21.0	22.0	23.0	24.0	25.0	26.0	27.0	28.0	29.0	30.0	31.0	32.0	33.0	34.0	35.0	36.0	37.0
V350082740_L14_50-50_2	4.0	12.0	38.0	110.0	273.0	483.0	1164.0	5986.0	4040.0	1073.0	1968.0	3828.0	7110.0	12419.0	20018.0	30671.0	44884.0	61959.0	83057.0	108841.0	138260.0	173504.0	218984.0	273896.0	331398.0	421630.0	569057.0	895183.0	2166096.0	11752776.0	3035371.0
	11.0	12.0	13.0	14.0	15.0	16.0	17.0	18.0	19.0	20.0	21.0	22.0	23.0	24.0	25.0	26.0	27.0	28.0	29.0	30.0	31.0	32.0	33.0	34.0	35.0	36.0	37.0
V350082740_L14_51-51_1	1.0	0.0	1.0	2.0	9.0	21.0	45.0	72.0	229.0	641.0	1532.0	3485.0	7547.0	15223.0	28154.0	49496.0	81775.0	127739.0	190752.0	274184.0	380202.0	491859.0	611219.0	776685.0	1434688.0	5723083.0	404013.0
	7.0	8.0	9.0	10.0	11.0	12.0	13.0	14.0	15.0	16.0	17.0	18.0	19.0	20.0	21.0	22.0	23.0	24.0	25.0	26.0	27.0	28.0	29.0	30.0	31.0	32.0	33.0	34.0	35.0	36.0	37.0
V350082740_L14_51-51_2	3.0	6.0	21.0	64.0	178.0	344.0	731.0	3232.0	1775.0	728.0	1364.0	2519.0	4711.0	8218.0	13596.0	21360.0	31317.0	44158.0	59517.0	77776.0	99131.0	123901.0	154004.0	189006.0	227871.0	284845.0	379541.0	582493.0	1327436.0	5820112.0	1142699.0
	14.0	15.0	16.0	17.0	18.0	19.0	20.0	21.0	22.0	23.0	24.0	25.0	26.0	27.0	28.0	29.0	30.0	31.0	32.0	33.0	34.0	35.0	36.0	37.0
V350082740_L14_52-52_1	1.0	11.0	19.0	32.0	91.0	167.0	463.0	1210.0	2984.0	6607.0	13295.0	24892.0	44144.0	74867.0	120379.0	185731.0	274841.0	386483.0	505125.0	628200.0	852439.0	1878310.0	5082712.0	238280.0
	7.0	8.0	9.0	10.0	11.0	12.0	13.0	14.0	15.0	16.0	17.0	18.0	19.0	20.0	21.0	22.0	23.0	24.0	25.0	26.0	27.0	28.0	29.0	30.0	31.0	32.0	33.0	34.0	35.0	36.0	37.0
V350082740_L14_52-52_2	2.0	6.0	19.0	54.0	152.0	276.0	689.0	3209.0	1995.0	729.0	1308.0	2337.0	4115.0	6992.0	11279.0	17752.0	26038.0	36630.0	50409.0	66911.0	86566.0	110362.0	139238.0	172256.0	207963.0	258078.0	337758.0	513000.0	1178371.0	5822220.0	1264569.0
	11.0	12.0	13.0	14.0	15.0	16.0	17.0	18.0	19.0	20.0	21.0	22.0	23.0	24.0	25.0	26.0	27.0	28.0	29.0	30.0	31.0	32.0	33.0	34.0	35.0	36.0	37.0
V350082740_L14_53-53_1	1.0	0.0	0.0	9.0	45.0	215.0	644.0	1671.0	3702.0	6605.0	10294.0	14699.0	21289.0	32065.0	48347.0	72732.0	109386.0	161505.0	232689.0	322543.0	436334.0	597910.0	875602.0	1457401.0	2727305.0	3428543.0	127117.0
	6.0	7.0	8.0	9.0	10.0	11.0	12.0	13.0	14.0	15.0	16.0	17.0	18.0	19.0	20.0	21.0	22.0	23.0	24.0	25.0	26.0	27.0	28.0	29.0	30.0	31.0	32.0	33.0	34.0	35.0	36.0	37.0
V350082740_L14_53-53_2	2.0	6.0	22.0	90.0	223.0	394.0	669.0	1319.0	3712.0	2755.0	3486.0	7113.0	13785.0	23452.0	33449.0	43994.0	58081.0	75869.0	94415.0	111399.0	126047.0	136953.0	148300.0	166956.0	191405.0	229906.0	301645.0	428594.0	693174.0	1825167.0	5180621.0	785650.0
	14.0	15.0	16.0	17.0	18.0	19.0	20.0	21.0	22.0	23.0	24.0	25.0	26.0	27.0	28.0	29.0	30.0	31.0	32.0	33.0	34.0	35.0	36.0	37.0
V350082740_L14_54-54_1	2.0	6.0	29.0	49.0	95.0	260.0	649.0	1592.0	3814.0	8652.0	17488.0	33804.0	61516.0	103693.0	165432.0	252500.0	371740.0	520524.0	688273.0	881247.0	1209197.0	2478891.0	8440588.0	582052.0
	8.0	9.0	10.0	11.0	12.0	13.0	14.0	15.0	16.0	17.0	18.0	19.0	20.0	21.0	22.0	23.0	24.0	25.0	26.0	27.0	28.0	29.0	30.0	31.0	32.0	33.0	34.0	35.0	36.0	37.0
V350082740_L14_54-54_2	10.0	34.0	82.0	227.0	542.0	1105.0	4908.0	2856.0	1095.0	1857.0	3170.0	5590.0	9534.0	15775.0	24319.0	36867.0	53026.0	73250.0	98490.0	128196.0	163023.0	205901.0	256895.0	315451.0	403575.0	549114.0	858626.0	1988897.0	8876349.0	1743329.0
	13.0	14.0	15.0	16.0	17.0	18.0	19.0	20.0	21.0	22.0	23.0	24.0	25.0	26.0	27.0	28.0	29.0	30.0	31.0	32.0	33.0	34.0	35.0	36.0	37.0
V350082740_L14_55-55_1	1.0	5.0	13.0	32.0	75.0	158.0	396.0	952.0	2451.0	5801.0	12717.0	26331.0	48624.0	86085.0	142415.0	224141.0	333579.0	482476.0	670490.0	876984.0	1097457.0	1436347.0	2766164.0	10556239.0	810552.0
	6.0	7.0	8.0	9.0	10.0	11.0	12.0	13.0	14.0	15.0	16.0	17.0	18.0	19.0	20.0	21.0	22.0	23.0	24.0	25.0	26.0	27.0	28.0	29.0	30.0	31.0	32.0	33.0	34.0	35.0	36.0	37.0
V350082740_L14_55-55_2	1.0	1.0	10.0	30.0	122.0	274.0	501.0	1098.0	5780.0	4082.0	1169.0	2185.0	4268.0	7878.0	13702.0	22401.0	34646.0	49839.0	69386.0	93479.0	120157.0	153172.0	191268.0	239461.0	298861.0	358651.0	446457.0	584043.0	869767.0	1910439.0	11071176.0	3026181.0
	13.0	14.0	15.0	16.0	17.0	18.0	19.0	20.0	21.0	22.0	23.0	24.0	25.0	26.0	27.0	28.0	29.0	30.0	31.0	32.0	33.0	34.0	35.0	36.0	37.0
V350082740_L14_56-56_1	3.0	6.0	14.0	30.0	84.0	127.0	283.0	728.0	1778.0	4313.0	10085.0	20681.0	39084.0	69269.0	114356.0	178006.0	261772.0	372642.0	501370.0	643428.0	845750.0	1462827.0	4446497.0	8814352.0	491899.0
	8.0	9.0	10.0	11.0	12.0	13.0	14.0	15.0	16.0	17.0	18.0	19.0	20.0	21.0	22.0	23.0	24.0	25.0	26.0	27.0	28.0	29.0	30.0	31.0	32.0	33.0	34.0	35.0	36.0	37.0
V350082740_L14_56-56_2	8.0	34.0	73.0	205.0	448.0	1093.0	5785.0	3114.0	839.0	1554.0	3122.0	5776.0	9883.0	16239.0	24296.0	33730.0	45096.0	58963.0	75868.0	96253.0	122413.0	154811.0	195075.0	241217.0	321386.0	465283.0	843925.0	3727191.0	9648087.0	2177617.0
	12.0	13.0	14.0	15.0	16.0	17.0	18.0	19.0	20.0	21.0	22.0	23.0	24.0	25.0	26.0	27.0	28.0	29.0	30.0	31.0	32.0	33.0	34.0	35.0	36.0	37.0
V350082740_L14_57-57_1	1.0	1.0	1.0	7.0	19.0	48.0	102.0	235.0	625.0	1408.0	3396.0	7122.0	14447.0	27109.0	47501.0	78861.0	124540.0	188849.0	276658.0	393935.0	530361.0	691177.0	948543.0	1992696.0	7229151.0	418925.0
	6.0	7.0	8.0	9.0	10.0	11.0	12.0	13.0	14.0	15.0	16.0	17.0	18.0	19.0	20.0	21.0	22.0	23.0	24.0	25.0	26.0	27.0	28.0	29.0	30.0	31.0	32.0	33.0	34.0	35.0	36.0	37.0
V350082740_L14_57-57_2	2.0	0.0	5.0	18.0	61.0	151.0	310.0	792.0	4019.0	2409.0	744.0	1417.0	2421.0	4209.0	6845.0	10744.0	16413.0	24358.0	35761.0	50050.0	68308.0	91470.0	119597.0	154095.0	194964.0	240015.0	307341.0	411041.0	642447.0	1537099.0	7517966.0	1530646.0
	12.0	13.0	14.0	15.0	16.0	17.0	18.0	19.0	20.0	21.0	22.0	23.0	24.0	25.0	26.0	27.0	28.0	29.0	30.0	31.0	32.0	33.0	34.0	35.0	36.0	37.0
V350082740_L14_58-58_1	1.0	1.0	3.0	13.0	34.0	70.0	157.0	395.0	1023.0	2480.0	5890.0	13321.0	27054.0	51943.0	92527.0	153910.0	241444.0	355414.0	503050.0	686388.0	898263.0	1117735.0	1388979.0	2535751.0	10791489.0	750914.0
	7.0	8.0	9.0	10.0	11.0	12.0	13.0	14.0	15.0	16.0	17.0	18.0	19.0	20.0	21.0	22.0	23.0	24.0	25.0	26.0	27.0	28.0	29.0	30.0	31.0	32.0	33.0	34.0	35.0	36.0	37.0
V350082740_L14_58-58_2	1.0	18.0	62.0	139.0	241.0	567.0	1151.0	5721.0	3646.0	1073.0	2090.0	4334.0	8436.0	14727.0	24529.0	37100.0	54122.0	74406.0	98357.0	126121.0	159758.0	198377.0	245550.0	304425.0	369554.0	469839.0	628252.0	969059.0	2177891.0	10927779.0	2710924.0
	9.0	10.0	11.0	12.0	13.0	14.0	15.0	16.0	17.0	18.0	19.0	20.0	21.0	22.0	23.0	24.0	25.0	26.0	27.0	28.0	29.0	30.0	31.0	32.0	33.0	34.0	35.0	36.0	37.0
V350082740_L14_59-59_1	1.0	1.0	1.0	1.0	2.0	7.0	18.0	57.0	117.0	252.0	634.0	1545.0	4007.0	9839.0	21274.0	43124.0	80006.0	140371.0	230673.0	358851.0	529264.0	749498.0	997227.0	1241122.0	1520530.0	2129710.0	4595873.0	14168237.0	883931.0
	7.0	8.0	9.0	10.0	11.0	12.0	13.0	14.0	15.0	16.0	17.0	18.0	19.0	20.0	21.0	22.0	23.0	24.0	25.0	26.0	27.0	28.0	29.0	30.0	31.0	32.0	33.0	34.0	35.0	36.0	37.0
V350082740_L14_59-59_2	4.0	19.0	60.0	184.0	342.0	667.0	1631.0	8258.0	5209.0	1239.0	2663.0	5370.0	10534.0	18547.0	30817.0	47006.0	67519.0	92613.0	122129.0	156250.0	197476.0	244133.0	304460.0	379432.0	465476.0	600448.0	833549.0	1332847.0	3128983.0	15825977.0	3822331.0
	9.0	10.0	11.0	12.0	13.0	14.0	15.0	16.0	17.0	18.0	19.0	20.0	21.0	22.0	23.0	24.0	25.0	26.0	27.0	28.0	29.0	30.0	31.0	32.0	33.0	34.0	35.0	36.0	37.0
V350082740_L14_60-60_1	1.0	0.0	0.0	0.0	2.0	2.0	16.0	47.0	113.0	263.0	565.0	1464.0	3668.0	8421.0	18704.0	36375.0	66814.0	114010.0	183994.0	283075.0	412862.0	583051.0	781851.0	991496.0	1245221.0	1774483.0	3963945.0	12369342.0	688944.0
	7.0	8.0	9.0	10.0	11.0	12.0	13.0	14.0	15.0	16.0	17.0	18.0	19.0	20.0	21.0	22.0	23.0	24.0	25.0	26.0	27.0	28.0	29.0	30.0	31.0	32.0	33.0	34.0	35.0	36.0	37.0
V350082740_L14_60-60_2	2.0	18.0	42.0	129.0	268.0	526.0	1321.0	7003.0	4391.0	1032.0	2109.0	4403.0	8855.0	14838.0	23485.0	34788.0	50490.0	69437.0	92833.0	121352.0	155416.0	195196.0	245589.0	307374.0	374488.0	485572.0	670979.0	1072292.0	2554196.0	13733126.0	3297179.0
	11.0	12.0	13.0	14.0	15.0	16.0	17.0	18.0	19.0	20.0	21.0	22.0	23.0	24.0	25.0	26.0	27.0	28.0	29.0	30.0	31.0	32.0	33.0	34.0	35.0	36.0	37.0
V350082740_L14_61-61_1	1.0	0.0	0.0	2.0	4.0	33.0	130.0	435.0	966.0	1755.0	2739.0	3905.0	6135.0	8770.0	11394.0	16073.0	24549.0	36628.0	53904.0	79056.0	111753.0	157011.0	230874.0	438079.0	1378753.0	2009797.0	121150.0
	7.0	8.0	9.0	10.0	11.0	12.0	13.0	14.0	15.0	16.0	17.0	18.0	19.0	20.0	21.0	22.0	23.0	24.0	25.0	26.0	27.0	28.0	29.0	30.0	31.0	32.0	33.0	34.0	35.0	36.0	37.0
V350082740_L14_61-61_2	2.0	6.0	24.0	78.0	138.0	272.0	467.0	1721.0	974.0	938.0	1741.0	3562.0	6387.0	9394.0	12743.0	16829.0	22215.0	28935.0	35329.0	41907.0	47051.0	52145.0	58261.0	67334.0	84202.0	110769.0	150995.0	253246.0	1129327.0	2132280.0	424624.0
	12.0	13.0	14.0	15.0	16.0	17.0	18.0	19.0	20.0	21.0	22.0	23.0	24.0	25.0	26.0	27.0	28.0	29.0	30.0	31.0	32.0	33.0	34.0	35.0	36.0	37.0
V350082740_L14_62-62_1	1.0	1.0	2.0	12.0	31.0	51.0	128.0	287.0	671.0	1770.0	4561.0	10360.0	21533.0	41436.0	73609.0	123309.0	193309.0	286130.0	404033.0	537736.0	683357.0	857615.0	1244308.0	2734592.0	6959846.0	409563.0
	6.0	7.0	8.0	9.0	10.0	11.0	12.0	13.0	14.0	15.0	16.0	17.0	18.0	19.0	20.0	21.0	22.0	23.0	24.0	25.0	26.0	27.0	28.0	29.0	30.0	31.0	32.0	33.0	34.0	35.0	36.0	37.0
V350082740_L14_62-62_2	1.0	4.0	17.0	40.0	93.0	256.0	504.0	931.0	4426.0	2529.0	867.0	1729.0	3550.0	6710.0	11857.0	19624.0	30229.0	43886.0	59504.0	78101.0	98846.0	123376.0	153568.0	190464.0	233673.0	284291.0	362789.0	495491.0	790092.0	1839805.0	8065320.0	1685678.0
	10.0	11.0	12.0	13.0	14.0	15.0	16.0	17.0	18.0	19.0	20.0	21.0	22.0	23.0	24.0	25.0	26.0	27.0	28.0	29.0	30.0	31.0	32.0	33.0	34.0	35.0	36.0	37.0
V350082740_L14_63-63_1	1.0	1.0	0.0	0.0	1.0	5.0	14.0	38.0	73.0	145.0	387.0	961.0	2273.0	4976.0	10204.0	19390.0	34163.0	57239.0	90931.0	138680.0	203143.0	287298.0	382820.0	492917.0	662534.0	1268530.0	4037857.0	285073.0
	7.0	8.0	9.0	10.0	11.0	12.0	13.0	14.0	15.0	16.0	17.0	18.0	19.0	20.0	21.0	22.0	23.0	24.0	25.0	26.0	27.0	28.0	29.0	30.0	31.0	32.0	33.0	34.0	35.0	36.0	37.0
V350082740_L14_63-63_2	2.0	9.0	15.0	50.0	108.0	224.0	506.0	2367.0	1572.0	684.0	1214.0	2254.0	3981.0	6434.0	10000.0	14466.0	21178.0	29974.0	40994.0	54033.0	70523.0	89615.0	113689.0	140826.0	169520.0	207755.0	268694.0	397578.0	878670.0	4393062.0	1059657.0
	9.0	10.0	11.0	12.0	13.0	14.0	15.0	16.0	17.0	18.0	19.0	20.0	21.0	22.0	23.0	24.0	25.0	26.0	27.0	28.0	29.0	30.0	31.0	32.0	33.0	34.0	35.0	36.0	37.0
V350082740_L14_64-64_1	1.0	0.0	0.0	0.0	2.0	1.0	9.0	19.0	49.0	123.0	236.0	669.0	1756.0	4234.0	9492.0	19041.0	36797.0	64911.0	107534.0	171378.0	258624.0	371732.0	502685.0	643683.0	824269.0	1237394.0	2951773.0	6741717.0	250841.0
	8.0	9.0	10.0	11.0	12.0	13.0	14.0	15.0	16.0	17.0	18.0	19.0	20.0	21.0	22.0	23.0	24.0	25.0	26.0	27.0	28.0	29.0	30.0	31.0	32.0	33.0	34.0	35.0	36.0	37.0
V350082740_L14_64-64_2	9.0	42.0	109.0	179.0	380.0	857.0	4237.0	2523.0	814.0	1513.0	2803.0	5561.0	9721.0	16311.0	25202.0	37474.0	52788.0	70802.0	90870.0	115718.0	143269.0	179084.0	219326.0	266403.0	338257.0	462020.0	733163.0	1758266.0	8125032.0	1536237.0
	12.0	13.0	14.0	15.0	16.0	17.0	18.0	19.0	20.0	21.0	22.0	23.0	24.0	25.0	26.0	27.0	28.0	29.0	30.0	31.0	32.0	33.0	34.0	35.0	36.0	37.0
V350082740_L14_65-65_1	2.0	1.0	2.0	15.0	41.0	105.0	204.0	526.0	1244.0	3047.0	7087.0	15125.0	30468.0	56461.0	98520.0	161250.0	250896.0	371600.0	535443.0	733445.0	948999.0	1206908.0	1706423.0	3781649.0	12113902.0	712701.0
	6.0	7.0	8.0	9.0	10.0	11.0	12.0	13.0	14.0	15.0	16.0	17.0	18.0	19.0	20.0	21.0	22.0	23.0	24.0	25.0	26.0	27.0	28.0	29.0	30.0	31.0	32.0	33.0	34.0	35.0	36.0	37.0
V350082740_L14_65-65_2	1.0	3.0	11.0	41.0	105.0	244.0	503.0	1200.0	6666.0	4401.0	1170.0	2081.0	4197.0	7955.0	13921.0	22191.0	33887.0	49381.0	68334.0	91344.0	118409.0	150376.0	190270.0	239093.0	299454.0	365389.0	469255.0	638040.0	1006326.0	2409185.0	13329709.0	3212922.0
	12.0	13.0	14.0	15.0	16.0	17.0	18.0	19.0	20.0	21.0	22.0	23.0	24.0	25.0	26.0	27.0	28.0	29.0	30.0	31.0	32.0	33.0	34.0	35.0	36.0	37.0
V350082740_L14_66-66_1	1.0	1.0	4.0	10.0	27.0	49.0	141.0	280.0	650.0	1626.0	3806.0	8510.0	17413.0	33397.0	60015.0	101028.0	158900.0	239579.0	348157.0	489785.0	656905.0	836124.0	1078957.0	2009528.0	8318670.0	650874.0
	6.0	7.0	8.0	9.0	10.0	11.0	12.0	13.0	14.0	15.0	16.0	17.0	18.0	19.0	20.0	21.0	22.0	23.0	24.0	25.0	26.0	27.0	28.0	29.0	30.0	31.0	32.0	33.0	34.0	35.0	36.0	37.0
V350082740_L14_66-66_2	1.0	0.0	4.0	44.0	99.0	233.0	478.0	988.0	4390.0	2830.0	900.0	1699.0	3155.0	5951.0	10429.0	17361.0	27337.0	40679.0	56913.0	76558.0	99663.0	127319.0	159663.0	198732.0	246160.0	297707.0	377081.0	507924.0	792190.0	1812642.0	8308820.0	1836487.0
	13.0	14.0	15.0	16.0	17.0	18.0	19.0	20.0	21.0	22.0	23.0	24.0	25.0	26.0	27.0	28.0	29.0	30.0	31.0	32.0	33.0	34.0	35.0	36.0	37.0
V350082740_L14_67-67_1	1.0	3.0	8.0	23.0	52.0	94.0	208.0	576.0	1458.0	3477.0	7655.0	15693.0	29776.0	52500.0	87437.0	137170.0	204102.0	286106.0	387440.0	492622.0	616479.0	856289.0	1846496.0	5754478.0	389476.0
	7.0	8.0	9.0	10.0	11.0	12.0	13.0	14.0	15.0	16.0	17.0	18.0	19.0	20.0	21.0	22.0	23.0	24.0	25.0	26.0	27.0	28.0	29.0	30.0	31.0	32.0	33.0	34.0	35.0	36.0	37.0
V350082740_L14_67-67_2	3.0	5.0	18.0	65.0	133.0	278.0	578.0	3355.0	2106.0	561.0	1026.0	2065.0	3803.0	6770.0	11077.0	17304.0	25797.0	35525.0	47871.0	62357.0	79376.0	100045.0	125043.0	156994.0	192939.0	249205.0	341588.0	539830.0	1267096.0	6390528.0	1506278.0
	13.0	14.0	15.0	16.0	17.0	18.0	19.0	20.0	21.0	22.0	23.0	24.0	25.0	26.0	27.0	28.0	29.0	30.0	31.0	32.0	33.0	34.0	35.0	36.0	37.0
V350082740_L14_68-68_1	1.0	1.0	7.0	15.0	35.0	97.0	191.0	442.0	940.0	2078.0	4125.0	8042.0	14913.0	26514.0	43322.0	68673.0	104393.0	149986.0	208626.0	274024.0	356521.0	549354.0	1621984.0	3455167.0	174893.0
	8.0	9.0	10.0	11.0	12.0	13.0	14.0	15.0	16.0	17.0	18.0	19.0	20.0	21.0	22.0	23.0	24.0	25.0	26.0	27.0	28.0	29.0	30.0	31.0	32.0	33.0	34.0	35.0	36.0	37.0
V350082740_L14_68-68_2	4.0	15.0	41.0	92.0	204.0	491.0	2123.0	1230.0	526.0	874.0	1697.0	3107.0	5051.0	7508.0	11036.0	15799.0	21745.0	28966.0	37835.0	48146.0	60973.0	76853.0	95215.0	117184.0	151437.0	209761.0	342769.0	1048456.0	3998109.0	777097.0
	9.0	10.0	11.0	12.0	13.0	14.0	15.0	16.0	17.0	18.0	19.0	20.0	21.0	22.0	23.0	24.0	25.0	26.0	27.0	28.0	29.0	30.0	31.0	32.0	33.0	34.0	35.0	36.0	37.0
V350082740_L14_69-69_1	1.0	0.0	0.0	0.0	1.0	4.0	11.0	22.0	73.0	146.0	380.0	970.0	2547.0	5830.0	12736.0	25165.0	45457.0	77703.0	124598.0	190405.0	277223.0	391173.0	522057.0	652360.0	799399.0	1131109.0	2506009.0	6033338.0	256651.0
	7.0	8.0	9.0	10.0	11.0	12.0	13.0	14.0	15.0	16.0	17.0	18.0	19.0	20.0	21.0	22.0	23.0	24.0	25.0	26.0	27.0	28.0	29.0	30.0	31.0	32.0	33.0	34.0	35.0	36.0	37.0
V350082740_L14_69-69_2	1.0	10.0	26.0	89.0	172.0	383.0	885.0	3956.0	2341.0	793.0	1468.0	2942.0	5595.0	9558.0	15812.0	24484.0	35893.0	49724.0	66032.0	85335.0	107603.0	135252.0	167817.0	206788.0	251420.0	318577.0	428699.0	669901.0	1567532.0	7437867.0	1458413.0
	9.0	10.0	11.0	12.0	13.0	14.0	15.0	16.0	17.0	18.0	19.0	20.0	21.0	22.0	23.0	24.0	25.0	26.0	27.0	28.0	29.0	30.0	31.0	32.0	33.0	34.0	35.0	36.0	37.0
V350082740_L14_70-70_1	1.0	0.0	0.0	0.0	0.0	4.0	14.0	31.0	61.0	154.0	326.0	792.0	2091.0	4794.0	10624.0	21797.0	41178.0	71581.0	119357.0	184957.0	278486.0	400305.0	546701.0	697701.0	870368.0	1195362.0	2534187.0	8456439.0	564335.0
	7.0	8.0	9.0	10.0	11.0	12.0	13.0	14.0	15.0	16.0	17.0	18.0	19.0	20.0	21.0	22.0	23.0	24.0	25.0	26.0	27.0	28.0	29.0	30.0	31.0	32.0	33.0	34.0	35.0	36.0	37.0
V350082740_L14_70-70_2	2.0	23.0	29.0	82.0	163.0	352.0	793.0	4749.0	3359.0	855.0	1636.0	3388.0	6295.0	10816.0	16491.0	23940.0	33484.0	46024.0	60685.0	79491.0	100743.0	127484.0	161324.0	203381.0	247104.0	316279.0	423049.0	650144.0	1535278.0	9272219.0	2671984.0
	15.0	16.0	17.0	18.0	19.0	20.0	21.0	22.0	23.0	24.0	25.0	26.0	27.0	28.0	29.0	30.0	31.0	32.0	33.0	34.0	35.0	36.0	37.0
V350082740_L14_71-71_1	2.0	4.0	46.0	178.0	405.0	589.0	907.0	1792.0	3676.0	6625.0	9859.0	16048.0	26810.0	44281.0	70513.0	107402.0	156504.0	214913.0	289754.0	419072.0	971198.0	2881457.0	155032.0
	7.0	8.0	9.0	10.0	11.0	12.0	13.0	14.0	15.0	16.0	17.0	18.0	19.0	20.0	21.0	22.0	23.0	24.0	25.0	26.0	27.0	28.0	29.0	30.0	31.0	32.0	33.0	34.0	35.0	36.0	37.0
V350082740_L14_71-71_2	1.0	2.0	13.0	19.0	85.0	173.0	384.0	1680.0	1128.0	432.0	722.0	1299.0	2195.0	3395.0	5176.0	8079.0	11673.0	16693.0	22757.0	31410.0	41069.0	53435.0	67730.0	84744.0	103919.0	132012.0	174335.0	266624.0	636544.0	3044907.0	664432.0
	10.0	11.0	12.0	13.0	14.0	15.0	16.0	17.0	18.0	19.0	20.0	21.0	22.0	23.0	24.0	25.0	26.0	27.0	28.0	29.0	30.0	31.0	32.0	33.0	34.0	35.0	36.0	37.0
V350082740_L14_72-72_1	1.0	0.0	1.0	0.0	1.0	9.0	23.0	47.0	117.0	217.0	613.0	1405.0	3400.0	7362.0	14877.0	28170.0	49690.0	83603.0	130254.0	194544.0	280732.0	386544.0	506108.0	644444.0	877319.0	1773165.0	5613582.0	343182.0
	7.0	8.0	9.0	10.0	11.0	12.0	13.0	14.0	15.0	16.0	17.0	18.0	19.0	20.0	21.0	22.0	23.0	24.0	25.0	26.0	27.0	28.0	29.0	30.0	31.0	32.0	33.0	34.0	35.0	36.0	37.0
V350082740_L14_72-72_2	2.0	12.0	24.0	57.0	148.0	301.0	646.0	3177.0	2297.0	876.0	1498.0	2805.0	4965.0	8259.0	13139.0	19524.0	28890.0	40567.0	54938.0	72383.0	93400.0	117725.0	146084.0	180377.0	216323.0	269005.0	345938.0	508459.0	1122757.0	6153307.0	1531527.0
	11.0	12.0	13.0	14.0	15.0	16.0	17.0	18.0	19.0	20.0	21.0	22.0	23.0	24.0	25.0	26.0	27.0	28.0	29.0	30.0	31.0	32.0	33.0	34.0	35.0	36.0	37.0
V350082740_L14_73-73_1	1.0	0.0	0.0	1.0	6.0	18.0	36.0	69.0	183.0	444.0	1153.0	2677.0	5893.0	12137.0	23390.0	41528.0	68907.0	110820.0	167061.0	242830.0	333214.0	430977.0	559179.0	878410.0	2465758.0	5655536.0	301141.0
	7.0	8.0	9.0	10.0	11.0	12.0	13.0	14.0	15.0	16.0	17.0	18.0	19.0	20.0	21.0	22.0	23.0	24.0	25.0	26.0	27.0	28.0	29.0	30.0	31.0	32.0	33.0	34.0	35.0	36.0	37.0
V350082740_L14_73-73_2	1.0	2.0	23.0	52.0	139.0	281.0	682.0	3397.0	1915.0	560.0	887.0	1570.0	2843.0	4870.0	7804.0	12721.0	18972.0	27179.0	37258.0	50703.0	66268.0	86211.0	110920.0	141107.0	173659.0	227329.0	317945.0	525808.0	1651605.0	6467957.0	1360701.0
	14.0	15.0	16.0	17.0	18.0	19.0	20.0	21.0	22.0	23.0	24.0	25.0	26.0	27.0	28.0	29.0	30.0	31.0	32.0	33.0	34.0	35.0	36.0	37.0
V350082740_L14_74-74_1	1.0	8.0	26.0	59.0	155.0	389.0	823.0	1899.0	3966.0	8293.0	16402.0	30242.0	52243.0	85409.0	133109.0	196410.0	278475.0	376511.0	484613.0	627465.0	977544.0	2932914.0	6764876.0	377682.0
	8.0	9.0	10.0	11.0	12.0	13.0	14.0	15.0	16.0	17.0	18.0	19.0	20.0	21.0	22.0	23.0	24.0	25.0	26.0	27.0	28.0	29.0	30.0	31.0	32.0	33.0	34.0	35.0	36.0	37.0
V350082740_L14_74-74_2	10.0	38.0	76.0	183.0	335.0	857.0	4115.0	2322.0	927.0	1870.0	3821.0	7331.0	12220.0	18687.0	27151.0	37286.0	49109.0	63299.0	79015.0	95748.0	116837.0	140811.0	170961.0	207512.0	269294.0	374316.0	632497.0	2339957.0	7173129.0	1519800.0
	14.0	15.0	16.0	17.0	18.0	19.0	20.0	21.0	22.0	23.0	24.0	25.0	26.0	27.0	28.0	29.0	30.0	31.0	32.0	33.0	34.0	35.0	36.0	37.0
V350082740_L14_75-75_1	6.0	6.0	34.0	56.0	97.0	258.0	693.0	1672.0	3846.0	8363.0	17048.0	31554.0	55033.0	90052.0	139318.0	208211.0	298986.0	403661.0	518691.0	678638.0	1051271.0	2420573.0	5037001.0	168366.0
	8.0	9.0	10.0	11.0	12.0	13.0	14.0	15.0	16.0	17.0	18.0	19.0	20.0	21.0	22.0	23.0	24.0	25.0	26.0	27.0	28.0	29.0	30.0	31.0	32.0	33.0	34.0	35.0	36.0	37.0
V350082740_L14_75-75_2	4.0	34.0	54.0	158.0	266.0	647.0	3389.0	2173.0	666.0	1174.0	2182.0	4025.0	6965.0	11038.0	17116.0	24743.0	35435.0	47805.0	63636.0	81471.0	102837.0	129061.0	161093.0	195932.0	247183.0	333316.0	521805.0	1267103.0	6517464.0	1354659.0
	14.0	15.0	16.0	17.0	18.0	19.0	20.0	21.0	22.0	23.0	24.0	25.0	26.0	27.0	28.0	29.0	30.0	31.0	32.0	33.0	34.0	35.0	36.0	37.0
V350082740_L14_76-76_1	2.0	9.0	11.0	37.0	134.0	287.0	632.0	1181.0	1886.0	3293.0	5692.0	9931.0	17173.0	28167.0	42857.0	63340.0	90554.0	124328.0	164253.0	215678.0	341637.0	1114600.0	2381883.0	116434.0
	7.0	8.0	9.0	10.0	11.0	12.0	13.0	14.0	15.0	16.0	17.0	18.0	19.0	20.0	21.0	22.0	23.0	24.0	25.0	26.0	27.0	28.0	29.0	30.0	31.0	32.0	33.0	34.0	35.0	36.0	37.0
V350082740_L14_76-76_2	1.0	5.0	9.0	36.0	82.0	158.0	313.0	1430.0	841.0	471.0	832.0	1573.0	2752.0	4293.0	6217.0	8938.0	12563.0	16794.0	21749.0	27057.0	33313.0	40406.0	49461.0	60401.0	74456.0	97437.0	136287.0	227065.0	763789.0	2645242.0	490028.0
	14.0	15.0	16.0	17.0	18.0	19.0	20.0	21.0	22.0	23.0	24.0	25.0	26.0	27.0	28.0	29.0	30.0	31.0	32.0	33.0	34.0	35.0	36.0	37.0
V350082740_L14_77-77_1	1.0	3.0	12.0	21.0	62.0	151.0	342.0	660.0	1275.0	2439.0	4551.0	8181.0	13873.0	22513.0	35575.0	54138.0	78421.0	109413.0	150196.0	213484.0	421269.0	1546884.0	2562188.0	127529.0
	7.0	8.0	9.0	10.0	11.0	12.0	13.0	14.0	15.0	16.0	17.0	18.0	19.0	20.0	21.0	22.0	23.0	24.0	25.0	26.0	27.0	28.0	29.0	30.0	31.0	32.0	33.0	34.0	35.0	36.0	37.0
V350082740_L14_77-77_2	1.0	4.0	8.0	27.0	52.0	129.0	319.0	1950.0	902.0	429.0	721.0	1267.0	2189.0	3295.0	4862.0	7019.0	9915.0	13036.0	16764.0	21119.0	26132.0	31889.0	40039.0	50398.0	61919.0	81973.0	114312.0	207198.0	1318798.0	2774548.0	561967.0
	14.0	15.0	16.0	17.0	18.0	19.0	20.0	21.0	22.0	23.0	24.0	25.0	26.0	27.0	28.0	29.0	30.0	31.0	32.0	33.0	34.0	35.0	36.0	37.0
V350082740_L14_78-78_1	2.0	7.0	19.0	29.0	75.0	180.0	507.0	1245.0	3057.0	6575.0	13420.0	24803.0	43706.0	71725.0	112189.0	165897.0	236625.0	320269.0	413321.0	535226.0	776669.0	1664316.0	4018008.0	186476.0
	7.0	8.0	9.0	10.0	11.0	12.0	13.0	14.0	15.0	16.0	17.0	18.0	19.0	20.0	21.0	22.0	23.0	24.0	25.0	26.0	27.0	28.0	29.0	30.0	31.0	32.0	33.0	34.0	35.0	36.0	37.0
V350082740_L14_78-78_2	1.0	6.0	30.0	64.0	142.0	245.0	526.0	2505.0	1905.0	772.0	1436.0	2691.0	4762.0	7838.0	12272.0	18162.0	25559.0	34635.0	45439.0	58301.0	73687.0	91302.0	112560.0	137768.0	164354.0	202480.0	264147.0	398623.0	912910.0	4845946.0	1173278.0
	11.0	12.0	13.0	14.0	15.0	16.0	17.0	18.0	19.0	20.0	21.0	22.0	23.0	24.0	25.0	26.0	27.0	28.0	29.0	30.0	31.0	32.0	33.0	34.0	35.0	36.0	37.0
V350082740_L14_79-79_1	1.0	0.0	0.0	6.0	3.0	12.0	42.0	77.0	207.0	535.0	1323.0	3077.0	6957.0	14028.0	26540.0	47283.0	79309.0	123736.0	184643.0	265460.0	365007.0	482386.0	621243.0	845979.0	1677702.0	5258340.0	313644.0
	7.0	8.0	9.0	10.0	11.0	12.0	13.0	14.0	15.0	16.0	17.0	18.0	19.0	20.0	21.0	22.0	23.0	24.0	25.0	26.0	27.0	28.0	29.0	30.0	31.0	32.0	33.0	34.0	35.0	36.0	37.0
V350082740_L14_79-79_2	1.0	12.0	31.0	98.0	183.0	292.0	708.0	3136.0	1910.0	930.0	1742.0	3456.0	5909.0	10516.0	16506.0	25081.0	36005.0	50214.0	66715.0	85477.0	107675.0	131856.0	159950.0	191495.0	226275.0	275639.0	357141.0	546003.0	1277782.0	5654936.0	1079866.0
	11.0	12.0	13.0	14.0	15.0	16.0	17.0	18.0	19.0	20.0	21.0	22.0	23.0	24.0	25.0	26.0	27.0	28.0	29.0	30.0	31.0	32.0	33.0	34.0	35.0	36.0	37.0
V350082740_L14_80-80_1	1.0	0.0	1.0	4.0	8.0	28.0	53.0	124.0	243.0	689.0	1694.0	4189.0	9294.0	19324.0	37226.0	64918.0	108404.0	168359.0	249117.0	355341.0	488028.0	638790.0	820678.0	1106946.0	2098150.0	7356839.0	569541.0
	5.0	6.0	7.0	8.0	9.0	10.0	11.0	12.0	13.0	14.0	15.0	16.0	17.0	18.0	19.0	20.0	21.0	22.0	23.0	24.0	25.0	26.0	27.0	28.0	29.0	30.0	31.0	32.0	33.0	34.0	35.0	36.0	37.0
V350082740_L14_80-80_2	1.0	0.0	5.0	15.0	46.0	88.0	199.0	387.0	936.0	4202.0	2902.0	1089.0	2090.0	4021.0	7239.0	12202.0	19435.0	28949.0	41777.0	56452.0	75283.0	95835.0	121136.0	150839.0	187516.0	230617.0	277587.0	347272.0	457524.0	698340.0	1559811.0	7770635.0	1943559.0
	15.0	16.0	17.0	18.0	19.0	20.0	21.0	22.0	23.0	24.0	25.0	26.0	27.0	28.0	29.0	30.0	31.0	32.0	33.0	34.0	35.0	36.0	37.0
V350082740_L14_81-81_1	2.0	21.0	34.0	57.0	149.0	418.0	1041.0	2242.0	5153.0	10392.0	19664.0	35113.0	59033.0	94701.0	144674.0	214267.0	297654.0	390124.0	491687.0	686841.0	1578437.0	4353016.0	191273.0
	7.0	8.0	9.0	10.0	11.0	12.0	13.0	14.0	15.0	16.0	17.0	18.0	19.0	20.0	21.0	22.0	23.0	24.0	25.0	26.0	27.0	28.0	29.0	30.0	31.0	32.0	33.0	34.0	35.0	36.0	37.0
V350082740_L14_81-81_2	2.0	3.0	15.0	56.0	113.0	249.0	519.0	2555.0	1604.0	491.0	910.0	1717.0	3074.0	5296.0	8677.0	13566.0	20384.0	29837.0	39895.0	52460.0	67885.0	85182.0	105995.0	130600.0	157502.0	199307.0	269087.0	429571.0	1032002.0	4956926.0	960513.0
	12.0	13.0	14.0	15.0	16.0	17.0	18.0	19.0	20.0	21.0	22.0	23.0	24.0	25.0	26.0	27.0	28.0	29.0	30.0	31.0	32.0	33.0	34.0	35.0	36.0	37.0
V350082740_L14_82-82_1	1.0	1.0	1.0	1.0	4.0	17.0	34.0	78.0	195.0	451.0	1160.0	2465.0	4889.0	9529.0	17107.0	29162.0	46566.0	72325.0	107077.0	152152.0	204842.0	258531.0	341716.0	696766.0	2298154.0	134945.0
	7.0	8.0	9.0	10.0	11.0	12.0	13.0	14.0	15.0	16.0	17.0	18.0	19.0	20.0	21.0	22.0	23.0	24.0	25.0	26.0	27.0	28.0	29.0	30.0	31.0	32.0	33.0	34.0	35.0	36.0	37.0
V350082740_L14_82-82_2	2.0	3.0	6.0	25.0	61.0	120.0	257.0	1449.0	898.0	372.0	643.0	1160.0	2078.0	3276.0	5155.0	7964.0	11402.0	16579.0	22053.0	29398.0	37303.0	46935.0	59031.0	72438.0	87032.0	108054.0	140489.0	211740.0	483755.0	2492016.0	536475.0
	12.0	13.0	14.0	15.0	16.0	17.0	18.0	19.0	20.0	21.0	22.0	23.0	24.0	25.0	26.0	27.0	28.0	29.0	30.0	31.0	32.0	33.0	34.0	35.0	36.0	37.0
V350082740_L14_83-83_1	1.0	1.0	0.0	9.0	23.0	46.0	78.0	196.0	463.0	1214.0	2917.0	6492.0	13029.0	25272.0	44581.0	74785.0	118067.0	176283.0	251735.0	349897.0	462004.0	586627.0	757805.0	1399646.0	5681851.0	469526.0
	7.0	8.0	9.0	10.0	11.0	12.0	13.0	14.0	15.0	16.0	17.0	18.0	19.0	20.0	21.0	22.0	23.0	24.0	25.0	26.0	27.0	28.0	29.0	30.0	31.0	32.0	33.0	34.0	35.0	36.0	37.0
V350082740_L14_83-83_2	1.0	10.0	26.0	63.0	136.0	236.0	662.0	3147.0	1995.0	557.0	1143.0	2177.0	4163.0	7150.0	11721.0	18143.0	26901.0	37353.0	49745.0	65535.0	82971.0	104342.0	130872.0	161891.0	196809.0	247740.0	330837.0	506103.0	1148232.0	5849835.0	1432052.0
	14.0	15.0	16.0	17.0	18.0	19.0	20.0	21.0	22.0	23.0	24.0	25.0	26.0	27.0	28.0	29.0	30.0	31.0	32.0	33.0	34.0	35.0	36.0	37.0
V350082740_L14_84-84_1	1.0	4.0	8.0	20.0	59.0	123.0	325.0	796.0	1861.0	4037.0	8217.0	15512.0	27759.0	46452.0	74317.0	115449.0	172252.0	247379.0	337460.0	440291.0	596028.0	1151368.0	3893806.0	277097.0
	6.0	7.0	8.0	9.0	10.0	11.0	12.0	13.0	14.0	15.0	16.0	17.0	18.0	19.0	20.0	21.0	22.0	23.0	24.0	25.0	26.0	27.0	28.0	29.0	30.0	31.0	32.0	33.0	34.0	35.0	36.0	37.0
V350082740_L14_84-84_2	1.0	0.0	1.0	19.0	42.0	113.0	204.0	481.0	2217.0	1432.0	575.0	1144.0	1875.0	3222.0	5267.0	8420.0	12655.0	18522.0	26301.0	36600.0	48770.0	64270.0	81869.0	103481.0	127692.0	150681.0	184357.0	234768.0	347537.0	790405.0	4174249.0	983451.0
	13.0	14.0	15.0	16.0	17.0	18.0	19.0	20.0	21.0	22.0	23.0	24.0	25.0	26.0	27.0	28.0	29.0	30.0	31.0	32.0	33.0	34.0	35.0	36.0	37.0
V350082740_L14_85-85_1	1.0	4.0	8.0	29.0	64.0	138.0	354.0	917.0	2314.0	5683.0	12534.0	25345.0	47820.0	83826.0	138916.0	215580.0	318917.0	452562.0	620085.0	801099.0	980506.0	1237637.0	2248047.0	8349523.0	616828.0
	7.0	8.0	9.0	10.0	11.0	12.0	13.0	14.0	15.0	16.0	17.0	18.0	19.0	20.0	21.0	22.0	23.0	24.0	25.0	26.0	27.0	28.0	29.0	30.0	31.0	32.0	33.0	34.0	35.0	36.0	37.0
V350082740_L14_85-85_2	2.0	9.0	31.0	107.0	261.0	463.0	1086.0	4842.0	2986.0	981.0	1931.0	3718.0	7204.0	12594.0	20830.0	32785.0	47539.0	66550.0	88802.0	115998.0	145569.0	181591.0	225977.0	276481.0	333649.0	417051.0	549251.0	829214.0	1837321.0	8902748.0	2051166.0
	14.0	15.0	16.0	17.0	18.0	19.0	20.0	21.0	22.0	23.0	24.0	25.0	26.0	27.0	28.0	29.0	30.0	31.0	32.0	33.0	34.0	35.0	36.0	37.0
V350082740_L14_86-86_1	1.0	2.0	2.0	4.0	12.0	22.0	59.0	182.0	452.0	911.0	2030.0	3850.0	7125.0	12261.0	19589.0	30204.0	43783.0	61298.0	84249.0	112222.0	142310.0	231796.0	975807.0	84821.0
	8.0	9.0	10.0	11.0	12.0	13.0	14.0	15.0	16.0	17.0	18.0	19.0	20.0	21.0	22.0	23.0	24.0	25.0	26.0	27.0	28.0	29.0	30.0	31.0	32.0	33.0	34.0	35.0	36.0	37.0
V350082740_L14_86-86_2	1.0	7.0	11.0	25.0	55.0	135.0	532.0	362.0	149.0	295.0	528.0	865.0	1307.0	1964.0	2960.0	4176.0	5670.0	7816.0	10765.0	14329.0	19106.0	24804.0	32118.0	40546.0	51777.0	67003.0	92616.0	175741.0	931111.0	326218.0
	13.0	14.0	15.0	16.0	17.0	18.0	19.0	20.0	21.0	22.0	23.0	24.0	25.0	26.0	27.0	28.0	29.0	30.0	31.0	32.0	33.0	34.0	35.0	36.0	37.0
V350082740_L14_87-87_1	1.0	7.0	9.0	25.0	51.0	174.0	360.0	915.0	2308.0	5601.0	12496.0	25604.0	48464.0	85018.0	140857.0	218953.0	325024.0	461797.0	627594.0	806771.0	1008070.0	1391809.0	3057639.0	8528186.0	428805.0
	8.0	9.0	10.0	11.0	12.0	13.0	14.0	15.0	16.0	17.0	18.0	19.0	20.0	21.0	22.0	23.0	24.0	25.0	26.0	27.0	28.0	29.0	30.0	31.0	32.0	33.0	34.0	35.0	36.0	37.0
V350082740_L14_87-87_2	12.0	58.0	118.0	239.0	527.0	1124.0	5202.0	2982.0	1107.0	2283.0	4472.0	9143.0	16220.0	26359.0	39514.0	56583.0	76511.0	99776.0	126333.0	156457.0	191567.0	234727.0	285586.0	344295.0	432471.0	582634.0	913547.0	2142587.0	9565469.0	1858635.0
	14.0	15.0	16.0	17.0	18.0	19.0	20.0	21.0	22.0	23.0	24.0	25.0	26.0	27.0	28.0	29.0	30.0	31.0	32.0	33.0	34.0	35.0	36.0	37.0
V350082740_L14_88-88_1	1.0	7.0	15.0	27.0	57.0	164.0	403.0	985.0	2332.0	5229.0	10757.0	20435.0	36173.0	59794.0	92815.0	134927.0	188623.0	250857.0	324253.0	452276.0	881159.0	2948350.0	5730135.0	338876.0
	7.0	8.0	9.0	10.0	11.0	12.0	13.0	14.0	15.0	16.0	17.0	18.0	19.0	20.0	21.0	22.0	23.0	24.0	25.0	26.0	27.0	28.0	29.0	30.0	31.0	32.0	33.0	34.0	35.0	36.0	37.0
V350082740_L14_88-88_2	2.0	7.0	32.0	60.0	126.0	299.0	763.0	4087.0	1785.0	777.0	1688.0	3277.0	6202.0	9797.0	14636.0	20387.0	26395.0	33203.0	40945.0	50137.0	61274.0	75438.0	94946.0	117971.0	148355.0	203208.0	310399.0	601861.0	2823240.0	5713287.0	1114066.0
	14.0	15.0	16.0	17.0	18.0	19.0	20.0	21.0	22.0	23.0	24.0	25.0	26.0	27.0	28.0	29.0	30.0	31.0	32.0	33.0	34.0	35.0	36.0	37.0
V350082740_L14_89-89_1	4.0	8.0	26.0	58.0	135.0	382.0	882.0	2345.0	5325.0	12130.0	24685.0	46765.0	80720.0	133247.0	206094.0	300381.0	424293.0	568688.0	727551.0	914111.0	1258386.0	2594094.0	7394530.0	408734.0
	6.0	7.0	8.0	9.0	10.0	11.0	12.0	13.0	14.0	15.0	16.0	17.0	18.0	19.0	20.0	21.0	22.0	23.0	24.0	25.0	26.0	27.0	28.0	29.0	30.0	31.0	32.0	33.0	34.0	35.0	36.0	37.0
V350082740_L14_89-89_2	2.0	3.0	18.0	45.0	106.0	236.0	471.0	1034.0	4465.0	2883.0	1168.0	2234.0	4329.0	8030.0	13962.0	22927.0	34178.0	49619.0	67553.0	89372.0	113799.0	142925.0	176694.0	217696.0	266012.0	317683.0	392150.0	510202.0	767025.0	1720020.0	8329403.0	1847330.0
	10.0	11.0	12.0	13.0	14.0	15.0	16.0	17.0	18.0	19.0	20.0	21.0	22.0	23.0	24.0	25.0	26.0	27.0	28.0	29.0	30.0	31.0	32.0	33.0	34.0	35.0	36.0	37.0
V350082740_L14_90-90_1	2.0	0.0	1.0	2.0	1.0	11.0	24.0	52.0	112.0	252.0	669.0	1684.0	3892.0	8633.0	17792.0	33640.0	59176.0	97832.0	152777.0	226491.0	320318.0	431280.0	552438.0	694969.0	960645.0	2024816.0	5873643.0	359636.0
	7.0	8.0	9.0	10.0	11.0	12.0	13.0	14.0	15.0	16.0	17.0	18.0	19.0	20.0	21.0	22.0	23.0	24.0	25.0	26.0	27.0	28.0	29.0	30.0	31.0	32.0	33.0	34.0	35.0	36.0	37.0
V350082740_L14_90-90_2	1.0	8.0	27.0	61.0	154.0	307.0	665.0	3554.0	2346.0	759.0	1405.0	2540.0	4754.0	8053.0	13090.0	20347.0	28801.0	40739.0	54737.0	71248.0	90912.0	115158.0	143605.0	178175.0	215949.0	272801.0	359293.0	544294.0	1279894.0	6649689.0	1717422.0
	14.0	15.0	16.0	17.0	18.0	19.0	20.0	21.0	22.0	23.0	24.0	25.0	26.0	27.0	28.0	29.0	30.0	31.0	32.0	33.0	34.0	35.0	36.0	37.0
V350082740_L14_91-91_1	5.0	3.0	29.0	66.0	128.0	297.0	660.0	1829.0	4105.0	9170.0	18504.0	34903.0	62319.0	104301.0	166187.0	254397.0	375878.0	528516.0	706963.0	933885.0	1362147.0	2983659.0	9293784.0	602322.0
	7.0	8.0	9.0	10.0	11.0	12.0	13.0	14.0	15.0	16.0	17.0	18.0	19.0	20.0	21.0	22.0	23.0	24.0	25.0	26.0	27.0	28.0	29.0	30.0	31.0	32.0	33.0	34.0	35.0	36.0	37.0
V350082740_L14_91-91_2	3.0	3.0	20.0	62.0	169.0	378.0	1049.0	5298.0	3279.0	803.0	1404.0	2381.0	4154.0	6732.0	10617.0	16296.0	24520.0	36029.0	51090.0	70564.0	95372.0	126139.0	166870.0	217878.0	274173.0	361762.0	506737.0	821629.0	1975213.0	10319893.0	2343540.0
	10.0	11.0	12.0	13.0	14.0	15.0	16.0	17.0	18.0	19.0	20.0	21.0	22.0	23.0	24.0	25.0	26.0	27.0	28.0	29.0	30.0	31.0	32.0	33.0	34.0	35.0	36.0	37.0
V350082740_L14_92-92_1	1.0	0.0	0.0	0.0	0.0	3.0	11.0	15.0	28.0	65.0	173.0	380.0	991.0	2255.0	4659.0	9064.0	16639.0	28647.0	47156.0	72506.0	108245.0	157007.0	219843.0	299476.0	383571.0	630637.0	2829840.0	234571.0
	7.0	8.0	9.0	10.0	11.0	12.0	13.0	14.0	15.0	16.0	17.0	18.0	19.0	20.0	21.0	22.0	23.0	24.0	25.0	26.0	27.0	28.0	29.0	30.0	31.0	32.0	33.0	34.0	35.0	36.0	37.0
V350082740_L14_92-92_2	1.0	3.0	14.0	37.0	59.0	164.0	390.0	1502.0	1021.0	372.0	754.0	1219.0	2103.0	3266.0	5254.0	8345.0	12860.0	18818.0	26317.0	36128.0	48223.0	62560.0	78586.0	97476.0	116442.0	141485.0	178462.0	256881.0	562119.0	2742240.0	642682.0
	15.0	16.0	17.0	18.0	19.0	20.0	21.0	22.0	23.0	24.0	25.0	26.0	27.0	28.0	29.0	30.0	31.0	32.0	33.0	34.0	35.0	36.0	37.0
V350082740_L14_93-93_1	6.0	6.0	22.0	53.0	118.0	308.0	836.0	1821.0	4079.0	8194.0	15391.0	27057.0	45425.0	70075.0	104483.0	152159.0	214056.0	290004.0	365713.0	447710.0	813308.0	2976056.0	182756.0
	8.0	9.0	10.0	11.0	12.0	13.0	14.0	15.0	16.0	17.0	18.0	19.0	20.0	21.0	22.0	23.0	24.0	25.0	26.0	27.0	28.0	29.0	30.0	31.0	32.0	33.0	34.0	35.0	36.0	37.0
V350082740_L14_93-93_2	10.0	27.0	44.0	84.0	182.0	390.0	1710.0	1072.0	571.0	1066.0	2044.0	3562.0	5828.0	9451.0	14243.0	20633.0	28479.0	37642.0	48354.0	61315.0	76064.0	93766.0	114330.0	133783.0	160939.0	203603.0	291580.0	638545.0	3086815.0	683504.0
	14.0	15.0	16.0	17.0	18.0	19.0	20.0	21.0	22.0	23.0	24.0	25.0	26.0	27.0	28.0	29.0	30.0	31.0	32.0	33.0	34.0	35.0	36.0	37.0
V350082740_L14_94-94_1	1.0	1.0	8.0	14.0	16.0	46.0	132.0	399.0	917.0	2018.0	4211.0	7711.0	13477.0	22076.0	34445.0	51366.0	74301.0	104368.0	138339.0	173741.0	212587.0	361626.0	1256242.0	81499.0
	8.0	9.0	10.0	11.0	12.0	13.0	14.0	15.0	16.0	17.0	18.0	19.0	20.0	21.0	22.0	23.0	24.0	25.0	26.0	27.0	28.0	29.0	30.0	31.0	32.0	33.0	34.0	35.0	36.0	37.0
V350082740_L14_94-94_2	1.0	8.0	14.0	30.0	71.0	163.0	787.0	581.0	344.0	599.0	965.0	1693.0	2572.0	3846.0	5467.0	7645.0	10330.0	13704.0	17972.0	23376.0	29735.0	38158.0	47965.0	57578.0	70534.0	86527.0	114304.0	216612.0	1359071.0	428889.0
	15.0	16.0	17.0	18.0	19.0	20.0	21.0	22.0	23.0	24.0	25.0	26.0	27.0	28.0	29.0	30.0	31.0	32.0	33.0	34.0	35.0	36.0	37.0
V350082740_L14_95-95_1	10.0	19.0	49.0	89.0	263.0	609.0	1431.0	3472.0	7328.0	15144.0	28373.0	50429.0	84454.0	132441.0	199276.0	289661.0	406885.0	540456.0	687537.0	895651.0	1645151.0	5771473.0	420592.0
	8.0	9.0	10.0	11.0	12.0	13.0	14.0	15.0	16.0	17.0	18.0	19.0	20.0	21.0	22.0	23.0	24.0	25.0	26.0	27.0	28.0	29.0	30.0	31.0	32.0	33.0	34.0	35.0	36.0	37.0
V350082740_L14_95-95_2	6.0	22.0	51.0	191.0	327.0	827.0	3494.0	2178.0	999.0	1750.0	3106.0	5248.0	8326.0	13378.0	19995.0	29483.0	41083.0	56334.0	74886.0	97669.0	124283.0	157570.0	197159.0	240435.0	301217.0	396637.0	602050.0	1344723.0	6159082.0	1298284.0
	10.0	11.0	12.0	13.0	14.0	15.0	16.0	17.0	18.0	19.0	20.0	21.0	22.0	23.0	24.0	25.0	26.0	27.0	28.0	29.0	30.0	31.0	32.0	33.0	34.0	35.0	36.0	37.0
V350082740_L14_96-96_1	1.0	1.0	0.0	0.0	4.0	4.0	31.0	43.0	95.0	212.0	519.0	1443.0	3639.0	8219.0	17464.0	33436.0	60164.0	102721.0	164773.0	250709.0	371644.0	521610.0	687537.0	865927.0	1212378.0	2892295.0	8112122.0	337072.0
	7.0	8.0	9.0	10.0	11.0	12.0	13.0	14.0	15.0	16.0	17.0	18.0	19.0	20.0	21.0	22.0	23.0	24.0	25.0	26.0	27.0	28.0	29.0	30.0	31.0	32.0	33.0	34.0	35.0	36.0	37.0
V350082740_L14_96-96_2	4.0	6.0	37.0	97.0	228.0	457.0	1057.0	4872.0	2966.0	932.0	1790.0	3545.0	6795.0	12102.0	20238.0	31224.0	45331.0	62708.0	82381.0	105042.0	130432.0	160414.0	195208.0	236182.0	283883.0	361851.0	494328.0	800132.0	1922196.0	9008519.0	1669106.0

