Sample	total_passed	total_failed	secondary_passed	secondary_failed	supplementary_passed	supplementary_failed	duplicates_passed	duplicates_failed	mapped_passed	mapped_failed	mapped_passed_pct	mapped_failed_pct	paired in sequencing_passed	paired in sequencing_failed	read1_passed	read1_failed	read2_passed	read2_failed	properly paired_passed	properly paired_failed	properly paired_passed_pct	properly paired_failed_pct	with itself and mate mapped_passed	with itself and mate mapped_failed	singletons_passed	singletons_failed	singletons_passed_pct	singletons_failed_pct	with mate mapped to a different chr_passed	with mate mapped to a different chr_failed	with mate mapped to a different chr (mapQ >= 5)_passed	with mate mapped to a different chr (mapQ >= 5)_failed	flagstat_total
V350082740_L14_01-01	8459289	0	0	0	30239	0	0	0	8459289	0	100.0	nan	8429050	0	4246565	0	4182485	0	7661202	0	90.89	nan	8422763	0	6287	0	0.07	nan	0	0	0	0	8459289
V350082740_L14_02-02	12469833	0	0	0	54129	0	0	0	12469833	0	100.0	nan	12415704	0	6234873	0	6180831	0	11650502	0	93.84	nan	12407711	0	7993	0	0.06	nan	0	0	0	0	12469833
V350082740_L14_03-03	2410519	0	0	0	38495	0	0	0	2410519	0	100.0	nan	2372024	0	1226912	0	1145112	0	2190262	0	92.34	nan	2324062	0	47962	0	2.02	nan	0	0	0	0	2410519
V350082740_L14_04-04	46177636	0	0	0	73717	0	0	0	46177636	0	100.0	nan	46103919	0	23138141	0	22965778	0	44183970	0	95.84	nan	46074357	0	29562	0	0.06	nan	0	0	0	0	46177636
V350082740_L14_05-05	24653969	0	0	0	41690	0	0	0	24653969	0	100.0	nan	24612279	0	12347192	0	12265087	0	23441577	0	95.24	nan	24596376	0	15903	0	0.06	nan	0	0	0	0	24653969
V350082740_L14_06-06	21281066	0	0	0	23045	0	0	0	21281066	0	100.0	nan	21258021	0	10628211	0	10629810	0	20182108	0	94.94	nan	21244057	0	13964	0	0.07	nan	0	0	0	0	21281066
V350082740_L14_07-07	23861180	0	0	0	33804	0	0	0	23861180	0	100.0	nan	23827376	0	11990649	0	11836727	0	22372085	0	93.89	nan	23811566	0	15810	0	0.07	nan	0	0	0	0	23861180
V350082740_L14_08-08	7410181	0	0	0	6726	0	0	0	7410181	0	100.0	nan	7403455	0	3753847	0	3649608	0	6604917	0	89.21	nan	7398016	0	5439	0	0.07	nan	0	0	0	0	7410181
V350082740_L14_09-09	9496930	0	0	0	8062	0	0	0	9496930	0	100.0	nan	9488868	0	4806229	0	4682639	0	8366847	0	88.18	nan	9482852	0	6016	0	0.06	nan	0	0	0	0	9496930
V350082740_L14_10-10	19239897	0	0	0	12296	0	0	0	19239897	0	100.0	nan	19227601	0	9672668	0	9554933	0	17754708	0	92.34	nan	19214870	0	12731	0	0.07	nan	0	0	0	0	19239897
V350082740_L14_11-11	29863949	0	0	0	19287	0	0	0	29863949	0	100.0	nan	29844662	0	15009039	0	14835623	0	28179867	0	94.42	nan	29828404	0	16258	0	0.05	nan	0	0	0	0	29863949
V350082740_L14_12-12	19395885	0	0	0	13321	0	0	0	19395885	0	100.0	nan	19382564	0	9814755	0	9567809	0	18065851	0	93.21	nan	19367808	0	14756	0	0.08	nan	0	0	0	0	19395885
V350082740_L14_13-13	27931854	0	0	0	26786	0	0	0	27931854	0	100.0	nan	27905068	0	14115768	0	13789300	0	25905199	0	92.83	nan	27888042	0	17026	0	0.06	nan	0	0	0	0	27931854
V350082740_L14_14-14	5574809	0	0	0	7916	0	0	0	5574809	0	100.0	nan	5566893	0	2801240	0	2765653	0	5104103	0	91.69	nan	5562750	0	4143	0	0.07	nan	0	0	0	0	5574809
V350082740_L14_15-15	23330695	0	0	0	39890	0	0	0	23330695	0	100.0	nan	23290805	0	11710969	0	11579836	0	22023307	0	94.56	nan	23278455	0	12350	0	0.05	nan	0	0	0	0	23330695
V350082740_L14_16-16	13978660	0	0	0	18721	0	0	0	13978660	0	100.0	nan	13959939	0	7018477	0	6941462	0	12900375	0	92.41	nan	13948172	0	11767	0	0.08	nan	0	0	0	0	13978660
V350082740_L14_17-17	26191613	0	0	0	47098	0	0	0	26191613	0	100.0	nan	26144515	0	13113049	0	13031466	0	23873934	0	91.32	nan	26073136	0	71379	0	0.27	nan	0	0	0	0	26191613
V350082740_L14_18-18	6470270	0	0	0	19602	0	0	0	6470270	0	100.0	nan	6450668	0	3235247	0	3215421	0	6106615	0	94.67	nan	6442801	0	7867	0	0.12	nan	0	0	0	0	6470270
V350082740_L14_19-19	15738071	0	0	0	30714	0	0	0	15738071	0	100.0	nan	15707357	0	7902818	0	7804539	0	14708094	0	93.64	nan	15691421	0	15936	0	0.1	nan	0	0	0	0	15738071
V350082740_L14_20-20	25923313	0	0	0	29632	0	0	0	25923313	0	100.0	nan	25893681	0	13016374	0	12877307	0	23719383	0	91.6	nan	25821762	0	71919	0	0.28	nan	0	0	0	0	25923313
V350082740_L14_21-21	21702525	0	0	0	13397	0	0	0	21702525	0	100.0	nan	21689128	0	10899652	0	10789476	0	20035899	0	92.38	nan	21675262	0	13866	0	0.06	nan	0	0	0	0	21702525
V350082740_L14_22-22	32191205	0	0	0	20028	0	0	0	32191205	0	100.0	nan	32171177	0	16139204	0	16031973	0	30699457	0	95.43	nan	32157437	0	13740	0	0.04	nan	0	0	0	0	32191205
V350082740_L14_23-23	32538192	0	0	0	51864	0	0	0	32538192	0	100.0	nan	32486328	0	16306175	0	16180153	0	30947694	0	95.26	nan	32468931	0	17397	0	0.05	nan	0	0	0	0	32538192
V350082740_L14_24-24	13254310	0	0	0	38706	0	0	0	13254310	0	100.0	nan	13215604	0	6695897	0	6519707	0	11888939	0	89.96	nan	13206619	0	8985	0	0.07	nan	0	0	0	0	13254310
V350082740_L14_25-25	21690969	0	0	0	28462	0	0	0	21690969	0	100.0	nan	21662507	0	10856802	0	10805705	0	20534894	0	94.79	nan	21651214	0	11293	0	0.05	nan	0	0	0	0	21690969
V350082740_L14_26-26	29778431	0	0	0	19786	0	0	0	29778431	0	100.0	nan	29758645	0	14950699	0	14807946	0	28276243	0	95.02	nan	29742504	0	16141	0	0.05	nan	0	0	0	0	29778431
V350082740_L14_27-27	26263011	0	0	0	29411	0	0	0	26263011	0	100.0	nan	26233600	0	13165743	0	13067857	0	24667973	0	94.03	nan	26214218	0	19382	0	0.07	nan	0	0	0	0	26263011
V350082740_L14_28-28	23420672	0	0	0	20599	0	0	0	23420672	0	100.0	nan	23400073	0	11789574	0	11610499	0	21683087	0	92.66	nan	23385764	0	14309	0	0.06	nan	0	0	0	0	23420672
V350082740_L14_29-29	39581491	0	0	0	21239	0	0	0	39581491	0	100.0	nan	39560252	0	19884249	0	19676003	0	37513157	0	94.83	nan	39536603	0	23649	0	0.06	nan	0	0	0	0	39581491
V350082740_L14_30-30	29960783	0	0	0	33821	0	0	0	29960783	0	100.0	nan	29926962	0	15077747	0	14849215	0	28309451	0	94.6	nan	29911676	0	15286	0	0.05	nan	0	0	0	0	29960783
V350082740_L14_31-31	10773059	0	0	0	7132	0	0	0	10773059	0	100.0	nan	10765927	0	5434500	0	5331427	0	9706534	0	90.16	nan	10758377	0	7550	0	0.07	nan	0	0	0	0	10773059
V350082740_L14_32-32	38088432	0	0	0	37774	0	0	0	38088432	0	100.0	nan	38050658	0	19127760	0	18922898	0	35629411	0	93.64	nan	38028439	0	22219	0	0.06	nan	0	0	0	0	38088432
V350082740_L14_33-33	17468891	0	0	0	17406	0	0	0	17468891	0	100.0	nan	17451485	0	8772948	0	8678537	0	15937648	0	91.33	nan	17438947	0	12538	0	0.07	nan	0	0	0	0	17468891
V350082740_L14_34-34	19938081	0	0	0	44040	0	0	0	19938081	0	100.0	nan	19894041	0	9982179	0	9911862	0	18649293	0	93.74	nan	19881550	0	12491	0	0.06	nan	0	0	0	0	19938081
V350082740_L14_35-35	12621618	0	0	0	4845	0	0	0	12621618	0	100.0	nan	12616773	0	6385151	0	6231622	0	10937052	0	86.69	nan	12607813	0	8960	0	0.07	nan	0	0	0	0	12621618
V350082740_L14_36-36	21138162	0	0	0	19674	0	0	0	21138162	0	100.0	nan	21118488	0	10593310	0	10525178	0	20083972	0	95.1	nan	21105568	0	12920	0	0.06	nan	0	0	0	0	21138162
V350082740_L14_37-37	24977965	0	0	0	26736	0	0	0	24977965	0	100.0	nan	24951229	0	12526972	0	12424257	0	23619330	0	94.66	nan	24937628	0	13601	0	0.05	nan	0	0	0	0	24977965
V350082740_L14_38-38	10935089	0	0	0	22893	0	0	0	10935089	0	100.0	nan	10912196	0	5541845	0	5370351	0	10020769	0	91.83	nan	10898767	0	13429	0	0.12	nan	0	0	0	0	10935089
V350082740_L14_39-39	11174877	0	0	0	5728	0	0	0	11174877	0	100.0	nan	11169149	0	5649066	0	5520083	0	9852400	0	88.21	nan	11159748	0	9401	0	0.08	nan	0	0	0	0	11174877
V350082740_L14_40-40	3743319	0	0	0	2779	0	0	0	3743319	0	100.0	nan	3740540	0	1889454	0	1851086	0	3361126	0	89.86	nan	3737155	0	3385	0	0.09	nan	0	0	0	0	3743319
V350082740_L14_41-41	10107858	0	0	0	6114	0	0	0	10107858	0	100.0	nan	10101744	0	5118681	0	4983063	0	8752351	0	86.64	nan	10094348	0	7396	0	0.07	nan	0	0	0	0	10107858
V350082740_L14_42-42	13972968	0	0	0	5901	0	0	0	13972968	0	100.0	nan	13967067	0	7071661	0	6895406	0	11811591	0	84.57	nan	13958083	0	8984	0	0.06	nan	0	0	0	0	13972968
V350082740_L14_43-43	11712074	0	0	0	7318	0	0	0	11712074	0	100.0	nan	11704756	0	5958170	0	5746586	0	9916127	0	84.72	nan	11695065	0	9691	0	0.08	nan	0	0	0	0	11712074
V350082740_L14_44-44	16459827	0	0	0	14416	0	0	0	16459827	0	100.0	nan	16445411	0	8316567	0	8128844	0	14769245	0	89.81	nan	16435302	0	10109	0	0.06	nan	0	0	0	0	16459827
V350082740_L14_45-45	10285394	0	0	0	17590	0	0	0	10285394	0	100.0	nan	10267804	0	5184241	0	5083563	0	9185840	0	89.46	nan	10253223	0	14581	0	0.14	nan	0	0	0	0	10285394
V350082740_L14_46-46	7921708	0	0	0	4436	0	0	0	7921708	0	100.0	nan	7917272	0	4012122	0	3905150	0	6942796	0	87.69	nan	7911735	0	5537	0	0.07	nan	0	0	0	0	7921708
V350082740_L14_47-47	3825757	0	0	0	1780	0	0	0	3825757	0	100.0	nan	3823977	0	1938264	0	1885713	0	3283563	0	85.87	nan	3821541	0	2436	0	0.06	nan	0	0	0	0	3825757
V350082740_L14_48-48	8528236	0	0	0	4381	0	0	0	8528236	0	100.0	nan	8523855	0	4321286	0	4202569	0	7652782	0	89.78	nan	8516991	0	6864	0	0.08	nan	0	0	0	0	8528236
V350082740_L14_49-49	13137301	0	0	0	13744	0	0	0	13137301	0	100.0	nan	13123557	0	6603684	0	6519873	0	12198773	0	92.95	nan	13115740	0	7817	0	0.06	nan	0	0	0	0	13137301
V350082740_L14_50-50	39431064	0	0	0	45494	0	0	0	39431064	0	100.0	nan	39385570	0	19746808	0	19638762	0	37196724	0	94.44	nan	39355341	0	30229	0	0.08	nan	0	0	0	0	39431064
V350082740_L14_51-51	20500299	0	0	0	15989	0	0	0	20500299	0	100.0	nan	20484310	0	10315761	0	10168549	0	19260288	0	94.02	nan	20471272	0	13038	0	0.06	nan	0	0	0	0	20500299
V350082740_L14_52-52	20021955	0	0	0	17415	0	0	0	20021955	0	100.0	nan	20004540	0	10055926	0	9948614	0	18564486	0	92.8	nan	19994770	0	9770	0	0.05	nan	0	0	0	0	20021955
V350082740_L14_53-53	14566796	0	0	0	85763	0	0	0	14566796	0	100.0	nan	14481033	0	7319694	0	7161339	0	14393675	0	99.4	nan	14425320	0	55713	0	0.38	nan	0	0	0	0	14566796
V350082740_L14_54-54	30755053	0	0	0	29871	0	0	0	30755053	0	100.0	nan	30725182	0	15450318	0	15274864	0	29282774	0	95.31	nan	30709244	0	15938	0	0.05	nan	0	0	0	0	30755053
V350082740_L14_55-55	37996534	0	0	0	25766	0	0	0	37996534	0	100.0	nan	37970768	0	19078467	0	18892301	0	35737066	0	94.12	nan	37946165	0	24603	0	0.06	nan	0	0	0	0	37996534
V350082740_L14_56-56	30093846	0	0	0	63830	0	0	0	30093846	0	100.0	nan	30030016	0	15059727	0	14970289	0	25632133	0	85.36	nan	29805225	0	224791	0	0.75	nan	0	0	0	0	30093846
V350082740_L14_57-57	25320251	0	0	0	33667	0	0	0	25320251	0	100.0	nan	25286584	0	12694621	0	12591963	0	23666398	0	93.59	nan	25275394	0	11190	0	0.04	nan	0	0	0	0	25320251
V350082740_L14_58-58	38026737	0	0	0	62150	0	0	0	38026737	0	100.0	nan	37964587	0	19065099	0	18899488	0	35946950	0	94.69	nan	37940474	0	24113	0	0.06	nan	0	0	0	0	38026737
V350082740_L14_59-59	53746721	0	0	0	86636	0	0	0	53746721	0	100.0	nan	53660085	0	26875916	0	26784169	0	51484618	0	95.95	nan	53627579	0	32506	0	0.06	nan	0	0	0	0	53746721
V350082740_L14_60-60	45801549	0	0	0	90155	0	0	0	45801549	0	100.0	nan	45711394	0	22895666	0	22815728	0	43807527	0	95.84	nan	45678463	0	32931	0	0.07	nan	0	0	0	0	45801549
V350082740_L14_61-61	6605393	0	0	0	24702	0	0	0	6605393	0	100.0	nan	6580691	0	3340763	0	3239928	0	6552158	0	99.57	nan	6560529	0	20162	0	0.31	nan	0	0	0	0	6605393
V350082740_L14_62-62	28196372	0	0	0	53480	0	0	0	28196372	0	100.0	nan	28142892	0	14129740	0	14013152	0	26837731	0	95.36	nan	28126015	0	16877	0	0.06	nan	0	0	0	0	28196372
V350082740_L14_63-63	15466950	0	0	0	24625	0	0	0	15466950	0	100.0	nan	15442325	0	7770203	0	7672122	0	14219301	0	92.08	nan	15431409	0	10916	0	0.07	nan	0	0	0	0	15466950
V350082740_L14_64-64	27302231	0	0	0	17222	0	0	0	27302231	0	100.0	nan	27285009	0	13707286	0	13577723	0	26009548	0	95.33	nan	27268512	0	16497	0	0.06	nan	0	0	0	0	27302231
V350082740_L14_65-65	44145616	0	0	0	22419	0	0	0	44145616	0	100.0	nan	44123197	0	22114512	0	22008685	0	42072238	0	95.35	nan	44096675	0	26522	0	0.06	nan	0	0	0	0	44145616
V350082740_L14_66-66	29091469	0	0	0	32831	0	0	0	29091469	0	100.0	nan	29058638	0	14621449	0	14437189	0	27456251	0	94.49	nan	29042625	0	16013	0	0.06	nan	0	0	0	0	29091469
V350082740_L14_67-67	21536040	0	0	0	28200	0	0	0	21536040	0	100.0	nan	21507840	0	10778438	0	10729402	0	20507042	0	95.35	nan	21490680	0	17160	0	0.08	nan	0	0	0	0	21536040
V350082740_L14_68-68	11587525	0	0	0	22487	0	0	0	11587525	0	100.0	nan	11565038	0	5814094	0	5750944	0	9535479	0	82.45	nan	11490096	0	74942	0	0.65	nan	0	0	0	0	11587525
V350082740_L14_69-69	25237908	0	0	0	31190	0	0	0	25237908	0	100.0	nan	25206718	0	12635342	0	12571376	0	23882738	0	94.75	nan	25192160	0	14558	0	0.06	nan	0	0	0	0	25237908
V350082740_L14_70-70	31020214	0	0	0	44786	0	0	0	31020214	0	100.0	nan	30975428	0	15510350	0	15465078	0	29332669	0	94.7	nan	30942513	0	32915	0	0.11	nan	0	0	0	0	31020214
V350082740_L14_71-71	9642834	0	0	0	12701	0	0	0	9642834	0	100.0	nan	9630133	0	4842920	0	4787213	0	8753502	0	90.9	nan	9617308	0	12825	0	0.13	nan	0	0	0	0	9642834
V350082740_L14_72-72	21193942	0	0	0	24419	0	0	0	21193942	0	100.0	nan	21169523	0	10639015	0	10530508	0	19663698	0	92.89	nan	21155391	0	14132	0	0.07	nan	0	0	0	0	21193942
V350082740_L14_73-73	19993305	0	0	0	32814	0	0	0	19993305	0	100.0	nan	19960491	0	9994621	0	9965870	0	17201929	0	86.18	nan	19868043	0	92448	0	0.46	nan	0	0	0	0	19993305
V350082740_L14_74-74	23097893	0	0	0	99823	0	0	0	23097893	0	100.0	nan	22998070	0	11575019	0	11423051	0	19361895	0	84.19	nan	22856510	0	141560	0	0.62	nan	0	0	0	0	23097893
V350082740_L14_75-75	21559997	0	0	0	20735	0	0	0	21559997	0	100.0	nan	21539262	0	10789036	0	10750226	0	20311466	0	94.3	nan	21524202	0	15060	0	0.07	nan	0	0	0	0	21559997
V350082740_L14_76-76	7683780	0	0	0	29889	0	0	0	7683780	0	100.0	nan	7653891	0	3849476	0	3804415	0	7323100	0	95.68	nan	7640094	0	13797	0	0.18	nan	0	0	0	0	7683780
V350082740_L14_77-77	8288199	0	0	0	12818	0	0	0	8288199	0	100.0	nan	8275381	0	4169233	0	4106148	0	8260709	0	99.82	nan	8268584	0	6797	0	0.08	nan	0	0	0	0	8288199
V350082740_L14_78-78	16637430	0	0	0	41406	0	0	0	16637430	0	100.0	nan	16596024	0	8336494	0	8259530	0	15391629	0	92.74	nan	16584924	0	11100	0	0.07	nan	0	0	0	0	16637430
V350082740_L14_79-79	19857354	0	0	0	23972	0	0	0	19857354	0	100.0	nan	19833382	0	10009305	0	9824077	0	18318898	0	92.36	nan	19816085	0	17297	0	0.09	nan	0	0	0	0	19857354
V350082740_L14_80-80	27317469	0	0	0	69227	0	0	0	27317469	0	100.0	nan	27248242	0	13696791	0	13551451	0	25310184	0	92.89	nan	27231877	0	16365	0	0.06	nan	0	0	0	0	27317469
V350082740_L14_81-81	16665084	0	0	0	14991	0	0	0	16665084	0	100.0	nan	16650093	0	8364389	0	8285704	0	15777105	0	94.76	nan	16642128	0	7965	0	0.05	nan	0	0	0	0	16665084
V350082740_L14_82-82	8486621	0	0	0	8789	0	0	0	8486621	0	100.0	nan	8477832	0	4264865	0	4212967	0	7884700	0	93.0	nan	8472763	0	5069	0	0.06	nan	0	0	0	0	8486621
V350082740_L14_83-83	19885784	0	0	0	16521	0	0	0	19885784	0	100.0	nan	19869263	0	9983247	0	9886016	0	18727994	0	94.26	nan	19852443	0	16820	0	0.08	nan	0	0	0	0	19885784
V350082740_L14_84-84	14408528	0	0	0	35136	0	0	0	14408528	0	100.0	nan	14373392	0	7235927	0	7137465	0	13194025	0	91.79	nan	14362626	0	10766	0	0.07	nan	0	0	0	0	14408528
V350082740_L14_85-85	31205877	0	0	0	20295	0	0	0	31205877	0	100.0	nan	31185582	0	15679347	0	15506235	0	29324666	0	94.03	nan	31163229	0	22353	0	0.07	nan	0	0	0	0	31205877
V350082740_L14_86-86	3529463	0	0	0	8627	0	0	0	3529463	0	100.0	nan	3520836	0	1767533	0	1753303	0	3128094	0	88.85	nan	3518808	0	2028	0	0.06	nan	0	0	0	0	3529463
V350082740_L14_87-87	33049368	0	0	0	48683	0	0	0	33049368	0	100.0	nan	33000685	0	16603952	0	16396733	0	31195632	0	94.53	nan	32980233	0	20452	0	0.06	nan	0	0	0	0	33049368
V350082740_L14_88-88	15399802	0	0	0	48368	0	0	0	15399802	0	100.0	nan	15351434	0	7713975	0	7637459	0	15292382	0	99.62	nan	15340039	0	11395	0	0.07	nan	0	0	0	0	15399802
V350082740_L14_89-89	29152851	0	0	0	42365	0	0	0	29152851	0	100.0	nan	29110486	0	14644676	0	14465810	0	27095760	0	93.08	nan	29094090	0	16396	0	0.06	nan	0	0	0	0	29152851
V350082740_L14_90-90	22453407	0	0	0	48349	0	0	0	22453407	0	100.0	nan	22405058	0	11225642	0	11179416	0	20795564	0	92.82	nan	22379364	0	25694	0	0.11	nan	0	0	0	0	22453407
V350082740_L14_91-91	34145660	0	0	0	51934	0	0	0	34145660	0	100.0	nan	34093726	0	17057394	0	17036332	0	32519676	0	95.38	nan	34080373	0	13353	0	0.04	nan	0	0	0	0	34145660
V350082740_L14_92-92	9781641	0	0	0	7064	0	0	0	9781641	0	100.0	nan	9774577	0	4928674	0	4845903	0	8876451	0	90.81	nan	9769375	0	5202	0	0.05	nan	0	0	0	0	9781641
V350082740_L14_93-93	10975556	0	0	0	6823	0	0	0	10975556	0	100.0	nan	10968733	0	5537567	0	5431166	0	9943074	0	90.65	nan	10960238	0	8495	0	0.08	nan	0	0	0	0	10975556
V350082740_L14_94-94	4898601	0	0	0	3489	0	0	0	4898601	0	100.0	nan	4895112	0	2460696	0	2434416	0	4339414	0	88.65	nan	4890603	0	4509	0	0.09	nan	0	0	0	0	4898601
V350082740_L14_95-95	21676533	0	0	0	33680	0	0	0	21676533	0	100.0	nan	21642853	0	10881634	0	10761219	0	20137590	0	93.04	nan	21631659	0	11194	0	0.05	nan	0	0	0	0	21676533
V350082740_L14_96-96	30347228	0	0	0	27059	0	0	0	30347228	0	100.0	nan	30320169	0	15277134	0	15043035	0	28990954	0	95.62	nan	30302419	0	17750	0	0.06	nan	0	0	0	0	30347228
