sname	rname	startpos	endpos	numreads	covbases	coverage	meandepth	meanbaseq	meanmapq
V350082740_L14_01-01.cov.txt MN908947.3	1	29903	8459289	29903	100	27395.6	35.5	60
V350082740_L14_02-02.cov.txt MN908947.3	1	29903	12469833	29903	100	40561.7	35.7	60
V350082740_L14_03-03.cov.txt MN908947.3	1	29903	2410519	29886	99.9431	2830.63	36.1	59.6
V350082740_L14_04-04.cov.txt MN908947.3	1	29903	46177636	29903	100	150429	35.8	60
V350082740_L14_05-05.cov.txt MN908947.3	1	29903	24653969	29903	100	80339.5	35.8	60
V350082740_L14_06-06.cov.txt MN908947.3	1	29903	21281066	29903	100	69339.9	35.7	60
V350082740_L14_07-07.cov.txt MN908947.3	1	29903	23861180	29903	100	77573.4	35.6	60
V350082740_L14_08-08.cov.txt MN908947.3	1	29903	7410181	29903	100	24070.4	35.5	60
V350082740_L14_09-09.cov.txt MN908947.3	1	29903	9496930	29903	100	30886.6	35.5	60
V350082740_L14_10-10.cov.txt MN908947.3	1	29903	19239897	29903	100	62712	35.7	60
V350082740_L14_11-11.cov.txt MN908947.3	1	29903	29863949	29903	100	97500.7	35.8	60
V350082740_L14_12-12.cov.txt MN908947.3	1	29903	19395885	29903	100	63281.4	35.7	60
V350082740_L14_13-13.cov.txt MN908947.3	1	29903	27931854	29903	100	90898.5	35.6	60
V350082740_L14_14-14.cov.txt MN908947.3	1	29903	5574809	29903	100	18170.6	35.8	60
V350082740_L14_15-15.cov.txt MN908947.3	1	29903	23330695	29903	100	75985.1	35.7	60
V350082740_L14_16-16.cov.txt MN908947.3	1	29903	13978660	29903	100	45508.8	35.7	60
V350082740_L14_17-17.cov.txt MN908947.3	1	29903	26191613	29903	100	83227.7	35.8	59.7
V350082740_L14_18-18.cov.txt MN908947.3	1	29903	6470270	29903	100	21027.3	35.9	60
V350082740_L14_19-19.cov.txt MN908947.3	1	29903	15738071	29903	100	51247.4	35.8	60
V350082740_L14_20-20.cov.txt MN908947.3	1	29903	25923313	29903	100	82551	35.8	59.9
V350082740_L14_21-21.cov.txt MN908947.3	1	29903	21702525	29903	100	70696.4	35.7	60
V350082740_L14_22-22.cov.txt MN908947.3	1	29903	32191205	29903	100	104992	35.7	60
V350082740_L14_23-23.cov.txt MN908947.3	1	29903	32538192	29903	100	105336	35.7	60
V350082740_L14_24-24.cov.txt MN908947.3	1	29903	13254310	29903	100	43062.2	35.6	60
V350082740_L14_25-25.cov.txt MN908947.3	1	29903	21690969	29903	100	70884	35.8	60
V350082740_L14_26-26.cov.txt MN908947.3	1	29903	29778431	29903	100	96845	35.6	60
V350082740_L14_27-27.cov.txt MN908947.3	1	29903	26263011	29903	100	85626	35.8	60
V350082740_L14_28-28.cov.txt MN908947.3	1	29903	23420672	29903	100	76310.6	35.7	60
V350082740_L14_29-29.cov.txt MN908947.3	1	29903	39581491	29903	100	128773	35.7	60
V350082740_L14_30-30.cov.txt MN908947.3	1	29903	29960783	29903	100	97538.4	35.7	60
V350082740_L14_31-31.cov.txt MN908947.3	1	29903	10773059	29891	99.9599	35083.1	35.7	60
V350082740_L14_32-32.cov.txt MN908947.3	1	29903	38088432	29903	100	123973	35.8	60
V350082740_L14_33-33.cov.txt MN908947.3	1	29903	17468891	29903	100	56791	35.6	60
V350082740_L14_34-34.cov.txt MN908947.3	1	29903	19938081	29903	100	64797.7	35.7	60
V350082740_L14_35-35.cov.txt MN908947.3	1	29903	12621618	29903	100	41017.2	35.5	60
V350082740_L14_36-36.cov.txt MN908947.3	1	29903	21138162	29903	100	68739.3	35.7	60
V350082740_L14_37-37.cov.txt MN908947.3	1	29903	24977965	29903	100	81339.2	35.7	60
V350082740_L14_38-38.cov.txt MN908947.3	1	29903	10935089	29903	100	35494.8	35.7	60
V350082740_L14_39-39.cov.txt MN908947.3	1	29903	11174877	29900	99.99	36300.4	35.5	60
V350082740_L14_40-40.cov.txt MN908947.3	1	29903	3743319	29903	100	12198.1	35.7	60
V350082740_L14_41-41.cov.txt MN908947.3	1	29903	10107858	29891	99.9599	32908	35.6	60
V350082740_L14_42-42.cov.txt MN908947.3	1	29903	13972968	29903	100	45516.9	35.6	60
V350082740_L14_43-43.cov.txt MN908947.3	1	29903	11712074	29903	100	38083.2	35.5	60
V350082740_L14_44-44.cov.txt MN908947.3	1	29903	16459827	29899	99.9866	53510.9	35.5	60
V350082740_L14_45-45.cov.txt MN908947.3	1	29903	10285394	29903	100	33404.5	35.7	60
V350082740_L14_46-46.cov.txt MN908947.3	1	29903	7921708	29891	99.9599	25767.9	35.6	60
V350082740_L14_47-47.cov.txt MN908947.3	1	29903	3825757	29890	99.9565	12443	35.5	60
V350082740_L14_48-48.cov.txt MN908947.3	1	29903	8528236	29903	100	27797.7	35.7	60
V350082740_L14_49-49.cov.txt MN908947.3	1	29903	13137301	29898	99.9833	42797.7	35.7	60
V350082740_L14_50-50.cov.txt MN908947.3	1	29903	39431064	29903	100	123350	35.8	59.9
V350082740_L14_51-51.cov.txt MN908947.3	1	29903	20500299	29903	100	66752.7	35.7	60
V350082740_L14_52-52.cov.txt MN908947.3	1	29903	20021955	29901	99.9933	65258.5	35.7	60
V350082740_L14_53-53.cov.txt MN908947.3	1	29903	14566796	29903	100	40582.3	35.5	59.9
V350082740_L14_54-54.cov.txt MN908947.3	1	29903	30755053	29903	100	96429.1	35.7	60
V350082740_L14_55-55.cov.txt MN908947.3	1	29903	37996534	29903	100	123174	35.8	60
V350082740_L14_56-56.cov.txt MN908947.3	1	29903	30093846	29903	100	88104.8	35.8	59.1
V350082740_L14_57-57.cov.txt MN908947.3	1	29903	25320251	29903	100	82658.2	35.8	60
V350082740_L14_58-58.cov.txt MN908947.3	1	29903	38026737	29903	100	121437	35.8	60
V350082740_L14_59-59.cov.txt MN908947.3	1	29903	53746721	29903	100	167323	35.8	60
V350082740_L14_60-60.cov.txt MN908947.3	1	29903	45801549	29903	100	148100	35.8	60
V350082740_L14_61-61.cov.txt MN908947.3	1	29903	6605393	29903	100	17229.8	35.8	59.9
V350082740_L14_62-62.cov.txt MN908947.3	1	29903	28196372	29903	100	83568.6	35.6	60
V350082740_L14_63-63.cov.txt MN908947.3	1	29903	15466950	29901	99.9933	50335.6	35.7	60
V350082740_L14_64-64.cov.txt MN908947.3	1	29903	27302231	29903	100	88731.9	35.7	60
V350082740_L14_65-65.cov.txt MN908947.3	1	29903	44145616	29903	100	143922	35.8	60
V350082740_L14_66-66.cov.txt MN908947.3	1	29903	29091469	29903	100	92277.3	35.8	60
V350082740_L14_67-67.cov.txt MN908947.3	1	29903	21536040	29903	100	69780.4	35.8	59.9
V350082740_L14_68-68.cov.txt MN908947.3	1	29903	11587525	29903	100	34001.8	35.7	58.4
V350082740_L14_69-69.cov.txt MN908947.3	1	29903	25237908	29903	100	82044.2	35.6	60
V350082740_L14_70-70.cov.txt MN908947.3	1	29903	31020214	29903	100	100603	35.8	60
V350082740_L14_71-71.cov.txt MN908947.3	1	29903	9642834	29903	100	31113.2	35.8	59.9
V350082740_L14_72-72.cov.txt MN908947.3	1	29903	21193942	29901	99.9933	69016.5	35.7	60
V350082740_L14_73-73.cov.txt MN908947.3	1	29903	19993305	29903	100	60744.9	35.8	58.9
V350082740_L14_74-74.cov.txt MN908947.3	1	29903	23097893	29903	100	68718.1	35.8	58.7
V350082740_L14_75-75.cov.txt MN908947.3	1	29903	21559997	29903	100	70087.4	35.7	60
V350082740_L14_76-76.cov.txt MN908947.3	1	29903	7683780	29903	100	21360	35.8	59.5
V350082740_L14_77-77.cov.txt MN908947.3	1	29903	8288199	29903	100	19629.3	35.8	59.8
V350082740_L14_78-78.cov.txt MN908947.3	1	29903	16637430	29903	100	54046.2	35.7	60
V350082740_L14_79-79.cov.txt MN908947.3	1	29903	19857354	29903	100	64447.1	35.6	60
V350082740_L14_80-80.cov.txt MN908947.3	1	29903	27317469	29898	99.9833	83984.7	35.7	60
V350082740_L14_81-81.cov.txt MN908947.3	1	29903	16665084	29900	99.99	54313.7	35.7	60
V350082740_L14_82-82.cov.txt MN908947.3	1	29903	8486621	29903	100	27658.2	35.7	60
V350082740_L14_83-83.cov.txt MN908947.3	1	29903	19885784	29903	100	64587.8	35.8	59.9
V350082740_L14_84-84.cov.txt MN908947.3	1	29903	14408528	29901	99.9933	46885.8	35.7	60
V350082740_L14_85-85.cov.txt MN908947.3	1	29903	31205877	29903	100	101533	35.7	60
V350082740_L14_86-86.cov.txt MN908947.3	1	29903	3529463	29903	100	11477.8	35.7	60
V350082740_L14_87-87.cov.txt MN908947.3	1	29903	33049368	29903	100	105586	35.7	60
V350082740_L14_88-88.cov.txt MN908947.3	1	29903	15399802	29903	100	38233.1	35.8	59.8
V350082740_L14_89-89.cov.txt MN908947.3	1	29903	29152851	29903	100	92111.1	35.6	60
V350082740_L14_90-90.cov.txt MN908947.3	1	29903	22453407	29903	100	72048.3	35.7	59.9
V350082740_L14_91-91.cov.txt MN908947.3	1	29903	34145660	29903	100	107607	35.8	60
V350082740_L14_92-92.cov.txt MN908947.3	1	29903	9781641	29903	100	31885.5	35.7	60
V350082740_L14_93-93.cov.txt MN908947.3	1	29903	10975556	29903	100	35616.9	35.6	60
V350082740_L14_94-94.cov.txt MN908947.3	1	29903	4898601	29903	100	15931.1	35.7	60
V350082740_L14_95-95.cov.txt MN908947.3	1	29903	21676533	29903	100	70571.4	35.7	60
V350082740_L14_96-96.cov.txt MN908947.3	1	29903	30347228	29903	100	97852.7	35.7	60
