V350082740_L14_01-01_variants.tsv 2034 1 252 2 96 3
V350082740_L14_02-02_variants.tsv 3441 1 249 2 54 3
V350082740_L14_03-03_variants.tsv 1128 1 250 2 24 3
V350082740_L14_04-04_variants.tsv 11335 1 296 2 23 3
V350082740_L14_05-05_variants.tsv 10712 1 336 2 59 3
V350082740_L14_06-06_variants.tsv 7021 1 300 2 61 3
V350082740_L14_07-07_variants.tsv 7851 1 340 2 80 3
V350082740_L14_08-08_variants.tsv 1792 1 263 2 104 3
V350082740_L14_09-09_variants.tsv 1725 1 267 2 112 3
V350082740_L14_10-10_variants.tsv 4936 1 212 2 50 3
V350082740_L14_11-11_variants.tsv 4337 1 197 2 40 3
V350082740_L14_12-12_variants.tsv 3436 1 279 2 74 3
V350082740_L14_13-13_variants.tsv 3195 1 185 2 54 3
V350082740_L14_14-14_variants.tsv 6722 1 265 2 52 3
V350082740_L14_15-15_variants.tsv 4586 1 265 2 83 3
V350082740_L14_16-16_variants.tsv 4578 1 314 2 100 3
V350082740_L14_17-17_variants.tsv 12703 1 345 2 34 3
V350082740_L14_18-18_variants.tsv 10971 1 446 2 37 3
V350082740_L14_19-19_variants.tsv 8013 1 259 2 45 3
V350082740_L14_20-20_variants.tsv 10253 1 297 2 39 3
V350082740_L14_21-21_variants.tsv 3494 1 222 2 66 3
V350082740_L14_22-22_variants.tsv 6454 1 189 2 22 3
V350082740_L14_23-23_variants.tsv 7276 1 236 2 39 3
V350082740_L14_24-24_variants.tsv 2351 1 297 2 124 3
V350082740_L14_25-25_variants.tsv 7587 1 267 2 61 3
V350082740_L14_26-26_variants.tsv 7624 1 187 2 22 3
V350082740_L14_27-27_variants.tsv 6461 1 340 2 80 3
V350082740_L14_28-28_variants.tsv 4629 1 228 2 58 3
V350082740_L14_29-29_variants.tsv 5366 1 180 2 37 3
V350082740_L14_30-30_variants.tsv 5395 1 207 2 35 3
V350082740_L14_31-31_variants.tsv 3843 1 345 2 128 3
V350082740_L14_32-32_variants.tsv 7056 1 255 2 74 3
V350082740_L14_33-33_variants.tsv 4794 1 354 2 100 3
V350082740_L14_34-34_variants.tsv 6205 1 355 2 110 3
V350082740_L14_35-35_variants.tsv 1523 1 242 2 115 3
V350082740_L14_36-36_variants.tsv 9930 1 378 2 64 3
V350082740_L14_37-37_variants.tsv 8515 1 247 2 34 3
V350082740_L14_38-38_variants.tsv 5622 1 399 2 129 3
V350082740_L14_39-39_variants.tsv 1939 1 268 2 124 3
V350082740_L14_40-40_variants.tsv 2833 1 375 2 164 3
V350082740_L14_41-41_variants.tsv 1498 1 232 2 94 3
V350082740_L14_42-42_variants.tsv 1385 1 238 2 108 3
V350082740_L14_43-43_variants.tsv 2486 1 300 2 131 3
V350082740_L14_44-44_variants.tsv 2754 1 334 2 118 3
V350082740_L14_45-45_variants.tsv 3535 1 349 2 119 3
V350082740_L14_46-46_variants.tsv 1596 1 234 2 111 3
V350082740_L14_47-47_variants.tsv 1463 1 216 2 92 3
V350082740_L14_48-48_variants.tsv 1910 1 251 2 95 3
V350082740_L14_49-49_variants.tsv 5537 1 357 2 100 3
V350082740_L14_50-50_variants.tsv 10695 1 283 2 22 3
V350082740_L14_51-51_variants.tsv 3745 1 267 2 85 3
V350082740_L14_52-52_variants.tsv 3726 1 280 2 85 3
V350082740_L14_53-53_variants.tsv 11964 1 540 2 73 3
V350082740_L14_54-54_variants.tsv 4906 1 201 2 39 3
V350082740_L14_55-55_variants.tsv 5429 1 294 2 79 3
V350082740_L14_56-56_variants.tsv 12454 1 327 2 34 3
V350082740_L14_57-57_variants.tsv 5225 1 341 2 100 3
V350082740_L14_58-58_variants.tsv 6625 1 195 2 25 3
V350082740_L14_59-59_variants.tsv 8874 1 232 2 15 3
V350082740_L14_60-60_variants.tsv 9524 1 363 2 55 3
V350082740_L14_61-61_variants.tsv 8699 1 356 2 20 3
V350082740_L14_62-62_variants.tsv 8824 1 296 2 27 3
V350082740_L14_63-63_variants.tsv 4896 1 295 2 90 3
V350082740_L14_64-64_variants.tsv 13477 1 402 2 55 3
V350082740_L14_65-65_variants.tsv 9524 1 273 2 42 3
V350082740_L14_66-66_variants.tsv 9259 1 272 2 30 3
V350082740_L14_67-67_variants.tsv 10737 1 267 2 16 3
V350082740_L14_68-68_variants.tsv 12694 1 529 2 34 3
V350082740_L14_69-69_variants.tsv 8984 1 267 2 42 3
V350082740_L14_70-70_variants.tsv 10617 1 327 2 30 3
V350082740_L14_72-72_variants.tsv 5075 1 398 2 134 3
V350082740_L14_73-73_variants.tsv 12572 1 341 2 50 3
V350082740_L14_74-74_variants.tsv 13918 1 632 2 70 3
V350082740_L14_75-75_variants.tsv 10633 1 279 2 28 3
V350082740_L14_76-76_variants.tsv 12355 1 628 2 80 3
V350082740_L14_77-77_variants.tsv 10660 1 437 2 43 3
V350082740_L14_78-78_variants.tsv 4220 1 348 2 103 3
V350082740_L14_79-79_variants.tsv 14044 1 614 2 84 3
V350082740_L14_80-80_variants.tsv 5502 1 389 2 115 3
V350082740_L14_81-81_variants.tsv 5148 1 297 2 87 3
V350082740_L14_82-82_variants.tsv 9043 1 403 2 100 3
V350082740_L14_83-83_variants.tsv 9678 1 234 2 27 3
V350082740_L14_84-84_variants.tsv 5640 1 321 2 76 3
V350082740_L14_85-85_variants.tsv 7875 1 196 2 24 3
V350082740_L14_86-86_variants.tsv 3027 1 302 2 102 3
V350082740_L14_87-87_variants.tsv 12139 1 363 2 46 3
V350082740_L14_88-88_variants.tsv 13329 1 491 2 69 3
V350082740_L14_89-89_variants.tsv 4444 1 329 2 99 3
V350082740_L14_90-90_variants.tsv 13065 1 343 2 33 3
V350082740_L14_91-91_variants.tsv 7220 1 376 2 101 3
V350082740_L14_92-92_variants.tsv 8529 1 283 2 56 3
V350082740_L14_93-93_variants.tsv 8094 1 257 2 44 3
V350082740_L14_94-94_variants.tsv 2259 1 285 2 108 3
V350082740_L14_95-95_variants.tsv 3984 1 327 2 105 3
V350082740_L14_96-96_variants.tsv 9821 1 303 2 62 3
